0.8560274952320408
0.8290686586141132
0.8173110033905487
0.8425381436745073
0.8517297096842552
0.8553983894892986
0.8412931765204493
0.8702055520237337
0.8523621265098538
0.8190691883873702
0.8492000423818605
0.8358100233100233
0.8467101080737444
0.8356643356643357
0.8920090326340326
0.8333101557533376
0.8564314473405381
0.8261946386946386
0.8473855689764781
0.846670375079466
0.8527627675354947
0.8764932983682983
0.8406607596948505
0.8524051705869887
0.8464584657766476
0.8710002119093029
0.8300752278025005
0.8548288832379741
0.8663282739987286
0.8502264780673872
0.8659408773045136
0.8401541640178004
0.864907819453274
0.8475974782792964
0.8521932612841704
0.8542494437380802
0.8684241894469168
0.8338895952532316
0.8580340114431023
0.8584975630430176
0.8243404322949776
0.84614060182242
0.8672321996185633
0.843177182665819
0.8548288832379741
0.8438228438228439
0.8480610298792117
0.8440347531256622
0.8409753125662216
0.8728345518118245
0.8341809705446069
0.8402601186692096
0.8444983047255775
0.8363795295613476
0.826406547997457
0.8300752278025005
0.8721491576605213
0.8429222292858656
0.8412931765204493
0.8543653316380588
0.8414388641661369
0.8369887688069506
0.8611331849968213
0.8504416984530622
0.8487464240305149
0.8551864801864801
0.8495576393303667
0.8416507734689552
0.8607755880483152
0.8350948294130113
0.8542494437380801
0.8448128575969485
0.8503390548845093
0.8407236702691249
0.8521932612841704
0.8568949989404535
0.84118722186904
0.8649376191989828
0.8556069877092605
0.8601829042169951
0.8649607967789787
0.868450678109769
0.8491205763933037
0.8668613583386311
0.8625470173765628
0.8632390336935791
0.8687619198982836
0.8426705869887687
0.8569247986861623
0.8636562301335029
0.8819598961644417
0.869417514303878
0.8658581002331003
0.8568055997033269
0.8513423129900404
0.856146694214876
0.8565870682347957
0.8565076022462386
0.8432897594829413
0.8767383184996821
0.8563387370205552
0.879201764144946
0.8495278395846577
0.8623615967365967
0.8636297414706505
0.8719206929434202
0.8479385198135199
0.8722385568976478
0.8819764515787243
0.8652919050646324
0.8612490728968002
0.8544779084551811
0.8723312672176309
0.8852411792752701
0.8517462650985379
0.8587988715829625
0.8687122536554355
0.8684109451154907
0.8769369834710744
0.8856484424666243
0.8549116603093876
0.8585538514515788
0.8610802076711169
0.8501072790845519
0.8563685367662641
0.8752317757999577
0.8573353729603729
0.8430513615172707
0.8825194691671965
0.8498291481246026
0.8505079201101927
0.8504648760330578
0.869818155329519
0.8994523468955288
0.8635668308963764
0.8499317916931552
0.8495179063360881
0.8534150508582328
0.8467299745708836
0.8595637317228226
0.8591101133714771
0.8636628522992158
0.8673547096842551
0.8501867450731087
0.8489053560076288
0.8806818181818182
0.8464121106166561
0.855209657766476
0.8373397435897436
0.8597590856113584
0.8668646694214875
0.854587174189447
0.856590379317652
0.8523257045984319
0.8711094776435686
0.86039812460267
0.8722650455605001
0.8599180175884722
0.8693214929010383
0.877297891502437
0.8646528660733207
0.8650468849332487
0.890588578088578
0.8714008529349438
0.8787084127993219
0.8585571625344351
0.8933202214452215
0.8788474782792963
0.8664309175672811
0.885128602458148
0.8745596259800805
0.8620735325280782
0.8627191936851029
0.8659309440559441
0.8619079783852511
0.8427301864801865
0.8534614060182242
0.8934890866709049
0.8860325280779827
0.8750595994914177
0.8819135410044501
0.8832512184784912
0.8645436003390549
0.8661726531044712
0.8661428533587625
0.8805957300275482
0.8634873649078195
0.8786421911421911
0.8746390919686374
0.8740232305573215
0.8763906547997456
0.8824896694214877
0.8693844034753127
0.8570307533375716
0.8779468637423182
0.8742682506887054
0.8733676361517271
0.875701949565586
0.8730828830260648
0.8555208995549904
0.8629741470650562
0.8663680069930071
0.879430228862047
0.8803374655647384
0.8845127410468321
0.8770561824539096
0.884741205763933
0.8847710055096418
0.8749039785971604
0.8720398919262555
0.8824896694214878
0.8665269389701207
0.8840028342869253
0.8676527071413435
0.8563817810976901
0.8755496397541852
0.8817413646959102
0.8763972769654587
0.8723908667090485
0.8674937751642298
0.874470226742954
0.8754569294342023
0.8766422970968425
0.8700797308751855
0.8710432559864378
0.8505940082644629
0.8715399184149184
0.866596471710108
0.8687486755668573
0.8669938016528926
0.8687983418097055
0.8715465405806316
0.8797778925619835
0.8949823850392031
0.8815460108073745
0.8865854789150245
0.8835293494384404
0.8941910362364908
0.8738311877516423
0.8851319135410045
0.8863239033693578
0.9000549639754184
0.8725233100233101
0.8781389065479974
0.8743874496715406
0.8800924454333545
0.8831386416613689
0.8783508158508158
0.8832247298156389
0.8849630483153212
0.8834366391184573
0.8918004344140708
0.8808738609874973
0.8817910309387583
0.8671692890442891
0.8519515522356431
0.8886251059546514
0.8805891078618351
0.868973829201102
0.8839266793812249
0.8769601610510702
0.8808043282475101
0.8837644363212545
0.8918997668997668
0.8720332697605425
0.869818155329519
0.8677983947870312
0.8826287349014621
0.866934202161475
0.8692056050010596
0.8610239192625557
0.8790428321678322
0.8703644840008475
0.8719107596948505
0.8651594617503708
0.8831783746556474
0.888863503920322
0.8793110298792117
0.8919957883026065
0.877612444373808
0.8935983524051705
0.9002834286925196
0.8698744437380802
0.8643548686162321
0.8798341809705446
0.864808486967578
0.8930387794024157
0.876446943208307
0.8902309811400722
0.8850723140495869
0.8907739987285441
0.8733080366603094
0.8890754132231404
0.8854299109980928
0.8695797573638486
0.881390389913117
0.8682056579783853
0.8931811559652468
0.8951711167620259
0.8951711167620258
0.8858901515151514
0.866732226107226
0.8667024263615173
0.8691625609239246
0.8764469432083067
0.873768277177368
0.8698313996609451
0.8810559705446068
0.8871549851663489
0.8411110669633397
0.8297176308539944
0.8126589319771138
0.8441804407713498
0.8379820936639116
0.869503602458148
0.870212174189447
0.837336432506887
0.8369490358126721
0.8367371265098538
0.8539017800381437
0.8486702691248146
0.8284726636999364
0.8666593822843822
0.8659309440559441
0.8354524263615172
0.8527627675354947
0.8557559864378047
0.8328168044077134
0.8572128628946811
0.8866119675778766
0.8488457565162111
0.8434652468743378
0.8562195380377199
0.8635171646535283
0.8382337359610086
0.8590670692943421
0.8762780779826234
0.8520409514727696
0.8499152362788726
0.84614060182242
0.8515178003814368
0.8530144098325916
0.8500211909302818
0.8882145316804406
0.8227809122695485
0.8571069082432718
0.8669739351557533
0.8522992159355796
0.8448559016740835
0.840829624920534
0.8886747721974997
0.857027442254715
0.8490940877304514
0.8681129476584023
0.824552341597796
0.850842339478703
0.8431473829201102
0.8699704651409197
0.849190109133291
0.8457830048739139
0.8378761390125026
0.8298633184996821
0.8428957406230133
0.8560738503920322
0.9005847372324646
0.8452598537825811
0.8620602881966518
0.872245179063361
0.8495576393303667
0.8472398813307904
0.8154005085823267
0.8884165077346895
0.856891687857597
0.8483126721763085
0.8503787878787878
0.8410812672176307
0.8277972027972028
0.8521932612841704
0.8580141449459631
0.8435480239457511
0.8505906971816064
0.8378761390125026
0.8380880483153211
0.8484186268277177
0.8457830048739139
0.8719074486119941
0.8462200678109768
0.8586564950201314
0.8507728067387159
0.8825525799957619
0.8653415713074806
0.8638615172706082
0.8758112152998516
0.880883794236067
0.8436043123543124
0.84596842551388
0.8513489351557533
0.8540110457724095
0.8748079571943209
0.8733775694002966
0.8628814367450731
0.8613450942996398
0.8655832803560076
0.8612921169739352
0.845905514939606
0.8517959313413859
0.8829929540156813
0.8709008794236067
0.8633880324221234
0.8553553454121635
0.876466809705446
0.8658912110616657
0.8739868086458996
0.8584743854630219
0.8740530303030303
0.8764204545454546
0.8536037825810553
0.8564778025005297
0.8802447552447552
0.846547865013774
0.8863272144522145
0.8782382390336936
0.8622390866709049
0.8656263244331426
0.8807811506675143
0.8595869093028184
0.8519912852299216
0.8625933725365542
0.8775263562195381
0.8682619463869464
0.8726259535918628
0.8659706770502225
0.8751158878999789
0.8709373013350286
0.8734504132231404
0.8694440029667303
0.8642224253019708
0.8780461962280144
0.8662587412587412
0.8597955075227801
0.8768078512396694
0.8755065956770502
0.8536799374867556
0.8612987391396482
0.8724901991947447
0.8450082114854841
0.8793176520449248
0.8611066963339691
0.8779038196651833
0.8664474729815639
0.8515840220385674
0.8582856537401992
0.8652157501589319
0.848974888747616
0.8585803401144311
0.8603021031998304
0.8582790315744862
0.8527296567069294
0.8600703273998729
0.8647919315532953
0.854901727060818
0.8514383343928799
0.8787084127993218
0.8872311400720491
0.8698943102352195
0.8587657607543971
0.8814466783216784
0.8507463180758634
0.8725895316804407
0.876102590591227
0.8597955075227803
0.8690731616867982
0.8960386204704387
0.8713048315321044
0.8706591703750794
0.8657057904216996
0.8668944691671965
0.8568685102776012
0.8780925513880059
0.8720763138376775
0.8741656071201527
0.8704406389065481
0.8709406124178852
0.8626695274422549
0.8759436586141133
0.8714637635092181
0.884247854418309
0.8720332697605425
0.8695797573638483
0.881936718584446
0.8709406124178851
0.8719140707777072
0.8850524475524476
0.8784269707565163
0.8698313996609452
0.8764899872854419
0.8724703326976054
0.8893171222716677
0.886330525535071
0.8856385092180548
0.8791123649078195
0.8635469643992372
0.8683116126297945
0.8798772250476796
0.8714240305149396
0.8869397647806738
0.8815691883873703
0.8878205128205128
0.8657753231616868
0.8839432347955075
0.8815691883873703
0.8692221604153424
0.874728491205764
0.8724769548633184
0.8708578353464718
0.8641760701419794
0.876503231616868
0.8832346630642086
0.8766058751854207
0.8646197552447553
0.8775064897223989
0.8577492583174401
0.8777448876880696
0.8623251748251749
0.8841816327611783
0.8782117503708413
0.883016131595677
0.8955949353676628
0.8747914017800382
0.8681626139012502
0.8956578459419368
0.8778077982623438
0.8742152733630006
0.8655137476160203
0.8603716359398179
0.8654839478703117
0.8668911580843399
0.8627291269336724
0.8624145740623013
0.8832777071413436
0.8747119357914812
0.8653250158931978
0.8910355742742107
0.8930454015681288
0.8854332220809493
0.8713114536978173
0.850372165713075
0.8631330790421698
0.8831419527442256
0.8834796831955923
0.8745695592286501
0.8804069983047256
0.8613119834710744
0.8764701207883026
0.8650468849332485
0.8856252648866285
0.8825227802500528
0.8939129052765417
0.8788044342021615
0.8787680122907395
0.8824135145157872
0.8691393833439288
0.8713544977749523
0.8678215723670268
0.8783706823479551
0.8932473776223776
0.8729371953803773
0.8892740781945327
0.8782746609451155
0.881906918838737
0.8829763986013985
0.8878569347319347
0.8703711061665607
0.876403899131172
0.8889562142403051
0.8633019442678533
0.871728650137741
0.9023826552235643
0.875701949565586
0.8727782634032635
0.854544130112312
0.8858305520237338
0.884741205763933
0.8790924984106803
0.889035680228862
0.8916514356855266
0.874013297308752
0.8858040633608815
0.8648548421275694
0.8906514886628523
0.8746258476372113
0.9003264727696545
0.880310976901886
0.8885158402203857
0.8647753761390125
0.8903468690400508
0.8737947658402203
0.8787713233735961
0.871771694214876
0.8854530885780886
0.8797050487391397
0.8879860669633397
0.874963578088578
0.8844928745496927
0.8730696386946387
0.8939625715193897
0.8905157342657343
0.8911249735113371
0.8782978385251112
0.8727848855689766
0.8709836564950202
0.8709935897435896
0.8691857385039203
0.8706757257893621
0.8700035759694851
0.8690963392667939
