0.8560274952320408
0.8290686586141132
0.8173110033905487
0.8425381436745073
0.8517297096842552
0.8553983894892986
0.8412931765204493
0.8702055520237337
0.8523621265098538
0.8190691883873702
0.8492000423818605
0.8358100233100233
0.8467101080737444
0.8356643356643357
0.8920090326340326
0.8333101557533376
0.8564314473405381
0.8261946386946386
0.8473855689764781
0.846670375079466
0.8527627675354947
0.8764932983682983
0.8406607596948505
0.8524051705869887
0.8464584657766476
0.8710002119093029
0.8300752278025005
0.8548288832379741
0.8663282739987286
0.8502264780673872
0.8659408773045136
0.8401541640178004
0.864907819453274
0.8475974782792964
0.8521932612841704
0.8542494437380802
0.8684241894469168
0.8338895952532316
0.8580340114431023
0.8584975630430176
0.8243404322949776
0.84614060182242
0.8672321996185633
0.843177182665819
0.8548288832379741
0.8438228438228439
0.8480610298792117
0.8440347531256622
0.8409753125662216
0.8728345518118245
0.8341809705446069
0.8402601186692096
0.8444983047255775
0.8363795295613476
0.826406547997457
0.8300752278025005
0.8721491576605213
0.8429222292858656
0.8412931765204493
0.8543653316380588
0.8414388641661369
0.8369887688069506
0.8611331849968213
0.8504416984530622
0.8487464240305149
0.8551864801864801
0.8495576393303667
0.8416507734689552
0.8607755880483152
0.8350948294130113
0.8542494437380801
0.8448128575969485
0.8503390548845093
0.8407236702691249
0.8521932612841704
0.8568949989404535
0.84118722186904
0.8649376191989828
0.8556069877092605
0.8601829042169951
0.8649607967789787
0.868450678109769
0.8491205763933037
0.8668613583386311
0.8625470173765628
0.8632390336935791
0.8687619198982836
0.8426705869887687
0.8569247986861623
0.8636562301335029
0.8819598961644417
0.869417514303878
0.8658581002331003
0.8568055997033269
0.8513423129900404
0.856146694214876
0.8565870682347957
0.8565076022462386
0.8432897594829413
0.8767383184996821
0.8563387370205552
0.879201764144946
0.8495278395846577
0.8623615967365967
0.8636297414706505
0.8719206929434202
0.8479385198135199
0.8722385568976478
0.8819764515787243
0.8652919050646324
0.8612490728968002
0.8544779084551811
0.8723312672176309
0.8852411792752701
0.8517462650985379
0.8587988715829625
0.8687122536554355
0.8684109451154907
0.8769369834710744
0.8856484424666243
0.8549116603093876
0.8585538514515788
0.8610802076711169
0.8501072790845519
0.8563685367662641
0.8752317757999577
0.8573353729603729
0.8430513615172707
0.8825194691671965
0.8498291481246026
0.8505079201101927
0.8504648760330578
0.869818155329519
0.8994523468955288
0.8635668308963764
0.8499317916931552
0.8495179063360881
0.8534150508582328
0.8467299745708836
0.8595637317228226
0.8591101133714771
0.8636628522992158
0.8673547096842551
0.8501867450731087
0.8489053560076288
0.8806818181818182
0.8464121106166561
0.855209657766476
0.8373397435897436
0.8597590856113584
0.8668646694214875
0.854587174189447
0.856590379317652
0.8523257045984319
0.8711094776435686
0.86039812460267
0.8722650455605001
0.8599180175884722
0.8693214929010383
0.877297891502437
0.8646528660733207
0.8650468849332487
0.890588578088578
0.8714008529349438
0.8787084127993219
0.8585571625344351
0.8933202214452215
0.8788474782792963
0.8664309175672811
0.885128602458148
0.8745596259800805
0.8620735325280782
0.8627191936851029
0.8659309440559441
0.8619079783852511
0.8427301864801865
0.8534614060182242
0.8934890866709049
0.8860325280779827
0.8750595994914177
0.8819135410044501
0.8832512184784912
0.8645436003390549
0.8661726531044712
0.8661428533587625
0.8805957300275482
0.8634873649078195
0.8786421911421911
0.8746390919686374
0.8740232305573215
0.8763906547997456
0.8824896694214877
0.8693844034753127
0.8570307533375716
0.8779468637423182
0.8742682506887054
0.8733676361517271
0.875701949565586
0.8730828830260648
0.8555208995549904
0.8629741470650562
0.8663680069930071
0.879430228862047
0.8803374655647384
0.8845127410468321
0.8770561824539096
0.884741205763933
0.8847710055096418
0.8749039785971604
0.8720398919262555
0.8824896694214878
0.8665269389701207
0.8840028342869253
0.8676527071413435
0.8563817810976901
0.8755496397541852
0.8817413646959102
0.8763972769654587
0.8723908667090485
0.8674937751642298
0.874470226742954
0.8754569294342023
0.8766422970968425
0.8700797308751855
0.8710432559864378
0.8505940082644629
0.8715399184149184
0.866596471710108
0.8687486755668573
0.8669938016528926
0.8687983418097055
0.8715465405806316
0.8797778925619835
0.8949823850392031
0.8815460108073745
0.8865854789150245
0.8835293494384404
0.8941910362364908
0.8738311877516423
0.8851319135410045
0.8863239033693578
0.9000549639754184
0.8725233100233101
0.8781389065479974
0.8743874496715406
0.8800924454333545
0.8831386416613689
0.8783508158508158
0.8832247298156389
0.8849630483153212
0.8834366391184573
0.8918004344140708
0.8808738609874973
0.8817910309387583
0.8671692890442891
0.8519515522356431
0.8886251059546514
0.8805891078618351
0.868973829201102
0.8839266793812249
0.8769601610510702
0.8808043282475101
0.8837644363212545
0.8918997668997668
0.8720332697605425
0.869818155329519
0.8677983947870312
0.8826287349014621
0.866934202161475
0.8692056050010596
0.8610239192625557
0.8790428321678322
0.8703644840008475
0.8719107596948505
0.8651594617503708
0.8831783746556474
0.888863503920322
0.8793110298792117
0.8919957883026065
0.877612444373808
0.8935983524051705
0.9002834286925196
0.8698744437380802
0.8643548686162321
0.8798341809705446
0.864808486967578
0.8930387794024157
0.876446943208307
0.8902309811400722
0.8850723140495869
0.8907739987285441
0.8733080366603094
0.8890754132231404
0.8854299109980928
0.8695797573638486
0.881390389913117
0.8682056579783853
0.8931811559652468
0.8951711167620259
0.8951711167620258
0.8858901515151514
0.866732226107226
0.8667024263615173
0.8691625609239246
0.8764469432083067
0.873768277177368
0.8698313996609451
0.8810559705446068
0.8871549851663489
0.8411110669633397
0.8297176308539944
0.8126589319771138
0.8441804407713498
0.8379820936639116
0.869503602458148
0.870212174189447
0.837336432506887
0.8369490358126721
0.8367371265098538
0.8539017800381437
0.8486702691248146
0.8284726636999364
0.8666593822843822
0.8659309440559441
0.8354524263615172
0.8527627675354947
0.8557559864378047
0.8328168044077134
0.8572128628946811
0.8866119675778766
0.8488457565162111
0.8434652468743378
0.8562195380377199
0.8635171646535283
0.8382337359610086
0.8590670692943421
0.8762780779826234
0.8520409514727696
0.8499152362788726
0.84614060182242
0.8515178003814368
0.8530144098325916
0.8500211909302818
0.8882145316804406
0.8227809122695485
0.8571069082432718
0.8669739351557533
0.8522992159355796
0.8448559016740835
0.840829624920534
0.8886747721974997
0.857027442254715
0.8490940877304514
0.8681129476584023
0.824552341597796
0.850842339478703
0.8431473829201102
0.8699704651409197
0.849190109133291
0.8457830048739139
0.8378761390125026
0.8298633184996821
0.8428957406230133
0.8560738503920322
0.9005847372324646
0.8452598537825811
0.8620602881966518
0.872245179063361
0.8495576393303667
0.8472398813307904
0.8154005085823267
0.8884165077346895
0.856891687857597
0.8483126721763085
0.8503787878787878
0.8410812672176307
0.8277972027972028
0.8521932612841704
0.8580141449459631
0.8435480239457511
0.8505906971816064
0.8378761390125026
0.8380880483153211
0.8484186268277177
0.8457830048739139
0.8719074486119941
0.8462200678109768
0.8586564950201314
0.8507728067387159
0.8825525799957619
0.8653415713074806
0.8638615172706082
0.8758112152998516
0.880883794236067
0.8436043123543124
0.84596842551388
0.8513489351557533
0.8540110457724095
0.8748079571943209
0.8733775694002966
0.8628814367450731
0.8613450942996398
0.8655832803560076
0.8612921169739352
0.845905514939606
0.8517959313413859
0.8829929540156813
0.8709008794236067
0.8633880324221234
0.8553553454121635
0.876466809705446
0.8658912110616657
0.8739868086458996
0.8584743854630219
0.8740530303030303
0.8764204545454546
0.8536037825810553
0.8564778025005297
0.8802447552447552
0.846547865013774
0.8863272144522145
0.8782382390336936
0.8622390866709049
0.8656263244331426
0.8807811506675143
0.8595869093028184
0.8519912852299216
0.8625933725365542
0.8775263562195381
0.8682619463869464
0.8726259535918628
0.8659706770502225
0.8751158878999789
0.8709373013350286
0.8734504132231404
0.8694440029667303
0.8642224253019708
0.8780461962280144
0.8662587412587412
0.8597955075227801
0.8768078512396694
0.8755065956770502
0.8536799374867556
0.8612987391396482
0.8724901991947447
0.8450082114854841
0.8793176520449248
0.8611066963339691
0.8779038196651833
0.8664474729815639
0.8515840220385674
0.8582856537401992
0.8652157501589319
0.848974888747616
0.8585803401144311
0.8603021031998304
0.8582790315744862
0.8527296567069294
0.8600703273998729
0.8647919315532953
0.854901727060818
0.8514383343928799
0.8787084127993218
0.8872311400720491
0.8698943102352195
0.8587657607543971
0.8814466783216784
0.8507463180758634
0.8725895316804407
0.876102590591227
0.8597955075227803
0.8690731616867982
0.8960386204704387
0.8713048315321044
0.8706591703750794
0.8657057904216996
0.8668944691671965
0.8568685102776012
0.8780925513880059
0.8720763138376775
0.8741656071201527
0.8704406389065481
0.8709406124178852
0.8626695274422549
0.8759436586141133
0.8714637635092181
0.884247854418309
0.8720332697605425
0.8695797573638483
0.881936718584446
0.8709406124178851
0.8719140707777072
0.8850524475524476
0.8784269707565163
0.8698313996609452
0.8764899872854419
0.8724703326976054
0.8893171222716677
0.886330525535071
0.8856385092180548
0.8791123649078195
0.8635469643992372
0.8683116126297945
0.8798772250476796
0.8714240305149396
0.8869397647806738
0.8815691883873703
0.8878205128205128
0.8657753231616868
0.8839432347955075
0.8815691883873703
0.8692221604153424
0.874728491205764
0.8724769548633184
0.8708578353464718
0.8641760701419794
0.876503231616868
0.8832346630642086
0.8766058751854207
0.8646197552447553
0.8775064897223989
0.8577492583174401
0.8777448876880696
0.8623251748251749
0.8841816327611783
0.8782117503708413
0.883016131595677
0.8955949353676628
0.8747914017800382
0.8681626139012502
0.8956578459419368
0.8778077982623438
0.8742152733630006
0.8655137476160203
0.8603716359398179
0.8654839478703117
0.8668911580843399
0.8627291269336724
0.8624145740623013
0.8832777071413436
0.8747119357914812
0.8653250158931978
0.8910355742742107
0.8930454015681288
0.8854332220809493
0.8713114536978173
0.850372165713075
0.8631330790421698
0.8831419527442256
0.8834796831955923
0.8745695592286501
0.8804069983047256
0.8613119834710744
0.8764701207883026
0.8650468849332485
0.8856252648866285
0.8825227802500528
0.8939129052765417
0.8788044342021615
0.8787680122907395
0.8824135145157872
0.8691393833439288
0.8713544977749523
0.8678215723670268
0.8783706823479551
0.8932473776223776
0.8729371953803773
0.8892740781945327
0.8782746609451155
0.881906918838737
0.8829763986013985
0.8878569347319347
0.8703711061665607
0.876403899131172
0.8889562142403051
0.8633019442678533
0.871728650137741
0.9023826552235643
0.875701949565586
0.8727782634032635
0.854544130112312
0.8858305520237338
0.884741205763933
0.8790924984106803
0.889035680228862
0.8916514356855266
0.874013297308752
0.8858040633608815
0.8648548421275694
0.8906514886628523
0.8746258476372113
0.9003264727696545
0.880310976901886
0.8885158402203857
0.8647753761390125
0.8903468690400508
0.8737947658402203
0.8787713233735961
0.871771694214876
0.8854530885780886
0.8797050487391397
0.8879860669633397
0.874963578088578
0.8844928745496927
0.8730696386946387
0.8939625715193897
0.8905157342657343
0.8911249735113371
0.8782978385251112
0.8727848855689766
0.8709836564950202
0.8709935897435896
0.8691857385039203
0.8706757257893621
0.8700035759694851
0.8690963392667939
0.9684573311461652
0.9348212752970798
0.9175067236347684
0.935450721956244
0.9403623133118433
0.9374153584984837
0.9286317164819655
0.965519913403399
0.9385550384343946
0.9269841875369561
0.9344684036851241
0.9381664028077137
0.9413160203711827
0.9390914986552731
0.9548085909931906
0.9450628969805634
0.9391201098670532
0.9376180212485933
0.9350167852442446
0.9461990005150019
0.9510247582352603
0.9554201556449922
0.9402919774162167
0.9393799950407233
0.9349595628206842
0.9503309363495909
0.9415472943330726
0.941084746409293
0.9438600339519713
0.9453752360424972
0.938831613481603
0.9422411162187423
0.9359132698800235
0.9400452057146127
0.9415759055448528
0.9589786751101532
0.9483662998073512
0.9514586949472599
0.940102428138173
0.9417785682949626
0.9394086062525034
0.9476152554981213
0.9539049535544663
0.9497825547904706
0.9420384534686326
0.9337745817994545
0.9456792301676616
0.9420384534686326
0.9459391153413318
0.965463883113663
0.9379589715223072
0.9381377915959335
0.9386289507314933
0.9405077536383925
0.9352194479943541
0.940593587273733
0.9514741926869743
0.9493200068666908
0.9432806569134226
0.9349595628206842
0.9264644171896161
0.9393799950407233
0.9281691685581857
0.9576494458961986
0.9386241821961967
0.9350167852442446
0.9323011043927747
0.9303650790623152
0.9405649760619528
0.9422697274305225
0.959087159288153
0.943974478799092
0.9505335990997005
0.9464016632651115
0.9454193449939917
0.9442343639727622
0.9500424399641406
0.966994582943903
0.9439470597211361
0.9515576420546665
0.9434594769870486
0.9423925172144125
0.942109981498083
0.9493748450226029
0.9624203654605451
0.9550243672153662
0.9521978179182482
0.9502665611230854
0.9515385679134797
0.9391272626699985
0.9456196234764528
0.9526472523699621
0.9415234516565891
0.9422578060922807
0.9443070841360369
0.9397722070688767
0.9393323096877564
0.941051366662216
0.9542101398134549
0.9460452152516834
0.9438588418181472
0.9522741144829955
0.9518294485665784
0.9464863047666279
0.9517436149312377
0.9620841837221279
0.9464362351460126
0.9444072233772675
0.9569377420031664
0.9472325805405613
0.9523897514639403
0.9516041352738094
0.9612353844393156
0.9470251492551548
0.948249470692582
0.9392750872641958
0.9550017166727068
0.938906717912526
0.9512584164647987
0.9578711827874951
0.9507374539836344
0.9445431266332234
0.9507267247792168
0.9500054838155912
0.949088732904801
0.9493104697960976
0.9486989051442958
0.9461167432811339
0.9433676826825872
0.9437527419077957
0.949306893394625
0.945060512712915
0.9427430045587197
0.9501688061495032
0.9443726514963663
0.9420658725465886
0.9472778816258798
0.9454110000572223
0.9437014801533562
0.9447362523127396
0.9694992561084936
0.9405542468575352
0.9479609743071319
0.9532671619585328
0.941583058347798
0.9496585728727565
0.9524588952257425
0.9586901787247029
0.9536248021057852
0.9527450073435444
0.9560174146909035
0.9579439029507697
0.9488705724149771
0.9614916932115132
0.950782755068953
0.957030728441452
0.9541779522002023
0.944214097697751
0.9650037194575314
0.9598429721326798
0.9614297022526561
0.9582514734774068
0.9569448948061113
0.9540384725427737
0.9525661872699182
0.9568113758178038
0.9530263509260496
0.953268354092357
0.970648473114998
0.9499208423140749
0.9537809716367521
0.9583408835142198
0.9475067713201213
0.9615477235012494
0.9581358364964616
0.966516537280409
0.9511737749632821
0.9581823297156046
0.9657273446888053
0.963633957693555
0.9644267266866309
0.9513049096839414
0.9626576000915559
0.9510104526293703
0.9528594521906651
0.9619911972838422
0.9560007248173651
0.9563786312396284
0.9582967745627253
0.9755672172735423
0.9610148396818431
0.9651718103267402
0.9581537185038242
0.9624477845385012
0.9624632822782155
0.9620758387853587
0.9711646670608656
0.9627207831842371
0.9618612546970073
0.961435662921777
0.9570402655120455
0.9686599938962749
0.9526544051729071
0.9572405439945066
0.9566647433574303
0.9553641253552558
0.9672687737234631
0.9621068342647873
0.9630593491903028
0.9500865489156352
0.9687887443492857
0.9469071280065615
0.95434008240029
0.9547787876475862
0.9636494554332692
0.961968546741183
0.9572953821504188
0.9632953916874892
0.9596081217693173
0.9525399603257863
0.9625455395120835
0.9574002899269461
0.9583838003318902
0.9522455032712153
0.9635207049802582
0.9621890914986553
0.9635576611288077
0.9642884391630266
0.9648976195471799
0.9605236805462833
0.9658954355580139
0.9641418067026533
0.9578068075609897
0.9674535544662102
0.9591586873176036
0.9589393346939554
0.9611412058672059
0.9672592366528696
0.9759868483796518
0.9534817460468842
0.9714173994315907
0.9670732637762984
0.9607001163522613
0.9616967402292711
0.9718942529612604
0.9645459400690484
0.9617325042439964
0.9723305739409084
0.9674845499456387
0.9656677379975968
0.9560090697541344
0.9581918667861979
0.9703277891162949
0.9674976634177046
0.9682606290651763
0.9643158582409828
0.9630057031682149
0.9658739771491789
0.9602018044137564
0.9651598889884982
0.967083992980716
0.965834636732981
0.960697732084613
0.9670041200144964
0.9631320693535773
0.9689735250920326
0.9728658420279627
0.9640190169187632
0.9705304518664047
0.9702491082838995
0.9673510309573312
0.9671233333969138
0.968661186030099
0.9685884658668245
0.965397123619509
0.9677360901825394
0.969036708184714
0.9706210540370419
0.9690772407347359
0.973024395826578
0.9683762660461214
0.9695159459820321
0.9651837316649817
0.9733498483605776
0.9702038071985809
0.9655854807637287
0.9608932420317776
0.9690045205714615
0.9680090888282755
0.9665213058157057
0.968791128616934
0.9707247696797452
0.9590740458160872
0.9618374120205239
0.9678576878326054
0.9611996204245904
0.9643826177351366
0.9624084441223035
0.9643432773189388
0.9649333835619052
0.964071470807027
0.9713625612756784
0.9711885097373492
0.9705721765502509
0.971023995269613
0.9700321399278998
0.9702526846853721
0.9706651629885364
0.9673188433440785
0.937540532550022
0.9381091803841533
0.9452166822438821
0.9325323783546646
0.9400165945028326
0.9318099452572148
0.9671865164895951
0.9387231293036031
0.9267243023632862
0.9415759055448528
0.9337745817994545
0.9339772445495642
0.939351383828943
0.9651122036355313
0.9340571175157838
0.935450721956244
0.939582657790833
0.9328208747401148
0.9371840845365936
0.9461417780914415
0.9671209491292655
0.9424068228203024
0.9344684036851241
0.9394086062525034
0.9449854082819921
0.945707841379442
0.949868388425811
0.9698068266351307
0.9336482156140921
0.9349881740324641
0.9449854082819921
0.9425010013924124
0.9447541343201022
0.9379351288458236
0.9634384477463903
0.9464302744768917
0.9437718160489824
0.9473839815362313
0.9371554733248136
0.9456792301676616
0.9430207717397524
0.9735250920327312
0.9517471913327102
0.9481350258454613
0.9522669616800504
0.943974478799092
0.9342371297232342
0.9507934842733706
0.9614416235908978
0.9470811795448911
0.9323297156045549
0.9505049878879204
0.9374153584984837
0.9459105041295516
0.938080569172373
0.9682665897342972
0.9442343639727622
0.9391487210788335
0.9444656379346519
0.9498111660022508
0.9435119308753124
0.9449567970702119
0.9681449920842313
0.949253247372537
0.9378779064222633
0.943483319663532
0.935970492303584
0.9427322753543022
0.9410561351975127
0.9599574169798006
0.9391487210788335
0.9332834226638946
0.9437145936254221
0.9425010013924124
0.9405649760619528
0.9373867472867033
0.9717595418391287
0.9516434756900072
0.9441914471550918
0.9426750529307418
0.9496311537948003
0.9435441184885649
0.9565228794323536
0.973005321685391
0.9562606099910351
0.9546178495813227
0.9487883151811091
0.9540575466839606
0.9457877143456616
0.9403706582486124
0.9599049630915367
0.9438612260857955
0.9534900909836534
0.9530692677437198
0.9556621588112995
0.9520952944093691
0.9398198924218437
0.9609051633700193
0.9474912735804071
0.9461751578385184
0.9499363400537891
0.9421195185686765
0.9441258797947623
0.9525912220802258
0.9699892231102295
0.9341882522364431
0.9412838327579302
0.9464886890342762
0.9452500619909587
0.9403205886279971
0.9534960516527743
0.9669886222747821
0.9501235050641846
0.9580452343258244
0.9499649512655693
0.9413100597020618
0.9451737654262117
0.9504525339996568
0.9667788067217274
0.9381842848150762
0.9454241135292885
0.9409726858298205
0.9533291529173897
0.9452870181395083
0.9496180403227346
0.9701108207602953
0.9375154977397142
0.9522383504682701
0.9443821885669599
0.9444835199420146
0.9556812329524864
0.9554177713773437
0.9760261887958495
0.9452882102733324
0.9528439544509508
0.9366070917656933
0.9449114959848933
0.9498111660022508
0.9577877334198027
0.9689508745493736
0.9487299006237244
0.937494039330879
0.9482995403131973
0.9497324851698552
0.9496204245903829
0.9418691704655997
0.9672175119690236
0.9398496957674481
0.9426953192057528
0.9413494001182597
0.9463623228489138
0.9422911858393576
0.9441664123447843
0.9572238541209683
0.9499208423140749
0.9576351402903085
0.9501831117553932
0.9573681023136934
0.9540933106986859
0.9649846453163446
0.9592588265588341
0.9579045625345719
0.9619375512617544
0.9600468270166136
0.9571714002327045
0.9554046579052778
0.95976309916646
0.9701263185000094
0.9584803631716482
0.9570915272664848
0.960439039044767
0.9567720354016062
0.9651765788620368
0.9562772998645735
0.978160108341122
0.9597869418429436
0.9587676674232744
0.9661648578022775
0.9529631678333683
0.9532707383600053
0.9585232799893184
0.9675763442501002
0.9534400213630381
0.9648475499265646
0.9619077479161501
0.9548240887329048
0.9564310851278922
0.9568089915501554
0.9672485074484523
0.9581167623552749
0.9522192763270835
0.96808180899155
0.9597642913002842
0.9597630991664601
0.9528368016480059
0.9676681385545617
0.955099471646289
0.9451785339615085
0.9592933984397354
0.957420556201957
0.9564346615293646
0.9578592614492533
0.9713780590153929
0.9527402388082477
0.963818738436302
0.9610267610200851
0.9674845499456387
0.9568829038472543
0.9538930322162246
0.9689759093596811
0.9520952944093692
0.9545332080798062
0.9528189196406432
0.9597535620958665
0.959660575657581
0.9628924504549183
0.9592945905735594
0.9597189902149657
0.9516530127606005
0.9513919354531062
0.9576291796211875
0.9530215823907529
0.9662256566273104
0.963129685085929
0.9557479924466402
0.9537642817632136
0.951239342323612
0.9510652907852825
0.9504871058805577
0.9513251759589525
0.9716033723081619
0.9636124992847197
0.9637841665554009
0.9563059110763539
0.9646770747897075
0.9664700440612661
0.9654805729872012
0.9693454708451751
0.9602506819005474
0.9638318519083678
0.9712648063020962
0.9634312949434451
0.969903389474889
0.9645364029984549
0.9747923302878289
0.9647807904324107
0.9701930779941633
0.9641215404276422
0.9668884830335515
0.9683190436225609
0.964604354626433
0.973925648997654
0.9694468022202299
0.9658704007477064
0.9608586701508766
0.9688495431743185
0.9699582276308009
0.9670196177542106
0.9773625708127491
0.9650800160222786
0.9579212524081103
0.9683166593549125
0.9595938161634272
0.9686862208404067
0.9632286321933357
0.9652349934194213
0.9670029278806722
0.9681104202033303
0.963560045396456
0.9580082781772751
0.9689663722890878
0.9624096362561276
0.9726166860587102
0.9619363591279303
0.9617885345337325
0.9754706544337841
0.9652874473076849
0.9682880481431324
0.9678708013046713
0.9733045472752588
0.9636649531729833
0.9659574265168711
0.9700237949911303
0.9670649188395293
0.9626635607606768
0.9611733934804587
0.9693836191275487
0.9611078261201288
0.9590728536822629
0.9654686516489596
0.9658966276918383
0.9654686516489595
0.9646830354588285
0.9725177389513038
0.9678982203826273
0.9688090106242967
0.965041867739905
0.9738350468270166
0.9644636828351804
0.9637698609495107
0.9664152059053541
0.9571237148797375
0.9581453735670552
0.9566194422721117
0.9563440593587272
0.9586258034981974
0.958882112270395
