0.6735802775794082
0.6784899245505636
0.6664971900518522
0.6551293197131058
0.6619562517465147
0.6636173813146211
0.6762854348433571
0.6679021641258112
0.6706034402459092
0.6556765609960566
0.6696409165709317
0.6756101158133325
0.6549469059521222
0.6778922283975534
0.6412658738783494
0.6660004036389604
0.6648399416275965
0.6556765609960566
0.705254292545099
0.7042684820070171
0.6879676778340112
0.6695632936939175
0.664110286583662
0.6757925295743161
0.7029178439469681
0.6861241345049214
0.6786218834414879
0.688953488372093
0.6380949793523147
0.7234879063557611
0.6663186574347193
0.66860077001894
0.6584515788493185
0.6642927003446457
0.6815793150557332
0.645694259012016
0.6950313596423138
0.6657714161517683
0.6791147887105289
0.7175031825379575
0.6759206073213898
0.6579586735802775
0.6460823733970876
0.6803761604620113
0.7108586642655325
0.6726526841990872
0.6997236625578289
0.6735104169900953
0.6860697984910114
0.657939267861024
0.6730407985841587
0.6819984785916106
0.6867994535349458
0.6861241345049214
0.6831123668767659
0.6909251094482565
0.6211615487316422
0.6706538951159686
0.7078934703635855
0.6706422516844165
0.6939989753780234
0.6422322786971777
0.6954621666097431
0.6723499549787313
0.6771975036482751
0.6763203651380134
0.6916741702114447
0.7068106312292358
0.7095856490824977
0.6729398888440401
0.6721985903685535
0.6891980004346882
0.7133620020492439
0.6716241810786475
0.6902187412674263
0.6792389853137517
0.6951012202316267
0.6597129506008012
0.6755868289502283
0.6939291147887106
0.6879016983885491
0.6930015214083896
0.6967041326419723
0.6822895643804141
0.6667805135529543
0.6786024777222343
0.6951827242524917
0.6866830192194244
0.6866869003632751
0.6680535287359891
0.7010083211724158
0.5957711056602601
0.7067873443661316
0.6911929083739559
0.725688514919117
0.6874941782842239
0.690769863694228
0.669419691371441
0.6454846772440774
0.697076722451641
0.700829788555283
0.6715387959139317
0.7278541931878163
0.702673331884373
0.6943599217561399
0.6665631694973142
0.6801200049678641
0.6970340298692831
0.6845677958207843
0.6909522774552117
0.6896326885459683
0.6990250566647003
0.6465131803645171
0.6949188064706431
0.7313821529481169
0.676312602850312
0.7137772844412705
0.7064535659949701
0.6930675008538516
0.6586611606172572
0.7168783183779923
0.6864850808830378
0.7012605955227125
0.7090306455118452
0.7087512031545938
0.7114059055484833
0.6876183748874468
0.6885614928431707
0.7089569037786817
0.7129971745272766
0.7153646722762133
0.7229329027851088
0.7106335579221909
0.6653056788896824
0.6869430558574223
0.6899509423417269
0.6922679852206042
0.6960598627627534
0.6951555562455367
0.6972164436302668
0.6222327444344398
0.7102454435371193
0.6885964231378271
0.7040433756636756
0.7162185239233707
0.718671406837023
0.6696991337286925
0.6433888595646908
0.7157527866612848
0.695656223802279
0.6893920576272239
0.7064846151457758
0.717689477442792
0.7029217250908187
0.6117381314621045
0.6949537367652995
0.6971194150339988
0.6753656037507374
0.7296705685099513
0.7041753345545999
0.6957959449809049
0.6576326574968174
0.6892212872977923
0.6838691899276556
0.6965838171825999
0.7046682398236409
0.6933508243549539
0.6994403390567269
0.6215186139659081
0.7116969913372869
0.670374452758717
0.696215108516782
0.6752103579967088
0.6837139441736269
0.682743658210948
0.6240258328934705
0.6786218834414879
0.7035776384015897
0.715803241531344
0.6950352407861645
0.7027431924736859
0.7077886794796162
0.674441891514267
0.6975657465768311
0.6865665849039029
0.7087706088738472
0.696805042382091
0.7229251404974073
0.6953767814450275
0.6634039184028316
0.7020639922998106
0.7028324587822523
0.7034379172229639
0.7094963827739311
0.7165173719998759
0.7092751575744403
0.6312408793119508
0.6769529915856802
0.6906689539541093
0.6790604526966189
0.6759361318967927
0.7108237339708758
0.6815715527680317
0.6452906200515416
0.7187684354332908
0.7042917688701213
0.6908203185642873
0.6793942310677803
0.7112118483559475
0.6891514267084795
0.6302046139038099
0.6461522339864005
0.6944569503524078
0.6867761666718415
0.7267829974850188
0.6847812587325737
0.686729592945633
0.6681544384761077
0.6934284472319683
0.7099504766044649
0.7134473872139597
0.7061857670692706
0.7119803148383892
0.7106257956344894
0.618844505852765
0.6892562175924488
0.6906417859471544
0.695233179122551
0.6510036637997951
0.6691480113018909
0.665953829912752
0.6336743565063496
0.6679953115782284
0.6863958145744714
0.6943754463315429
0.6935720495544447
0.6951051013754773
0.6615914242245475
0.6293429999689508
0.6842146117303691
0.6749347967833079
0.6645488558387929
0.70027090384078
0.6923494892414692
0.6580673456080977
0.6318230508895581
0.6664506163256435
0.6648127736206415
0.6602951221784084
0.6707548048560872
0.6752996243052753
0.6625034930294658
0.6236415996522495
0.7035388269630825
0.6451586611606173
0.6743875555003571
0.648302387679697
0.6555678889682367
0.66860077001894
0.5999045238612724
0.7160050610115813
0.6761146645139255
0.6769064178594715
0.6857593069829541
0.6676149594808582
0.6551293197131058
0.6607453348650916
0.6368801813270408
0.6477202161020896
0.7106762505045486
0.6708091408699972
0.6537049399198932
0.6714844599000217
0.6458689104852982
0.6769879218803366
0.6805624553668457
0.6711196323780544
0.6633068898065638
0.6690199335548173
0.6606599497003757
0.641941192908374
0.6992928555903997
0.6566778961095414
0.6545626727109014
0.65070481572329
0.6867063060825286
0.7057239109510355
0.6396396746048996
0.6749153910640544
0.6844164312106065
0.6931295991554631
0.6956251746514733
0.7008608377060888
0.6712088986866209
0.6246235290464806
0.6680884590306455
0.6907116465364672
0.6964712640109293
0.6981595615859906
0.702960536529326
0.6867063060825287
0.632506132207284
0.6749503213587109
0.6745971372682958
0.6825107895799051
0.6790177601142608
0.6895511845251032
0.6769918030241874
0.6071661440059615
0.6782027199056107
0.6808302542925451
0.6981207501474834
0.6886235911447822
0.6979965535442606
0.6918953954109356
0.6186504486602291
0.7048933461669824
0.6789013257987394
0.6930015214083894
0.7031934051603688
0.6952098922594467
0.6656549818362467
0.6249417828422391
0.6647196261682243
0.6911075232092402
0.7052698171205019
0.6736423758810197
0.7059955910205855
0.692706554475735
0.639961809544509
0.6797784643090011
0.6765415903375044
0.6864385071568292
0.6797435340143447
0.6722335206632098
0.6675140497407396
0.6471380445244822
0.6707315179929829
0.7199017294376999
0.6870245598782871
0.685444934331046
0.699354953892011
0.6700018629490484
0.6306587077343435
0.7197658894029249
0.6884605831030521
0.7070784301549352
0.6690160524109667
0.6658179898779768
0.7178369609091191
0.631279690750458
0.6679060452696619
0.6984622908063465
0.6823516626820257
0.6998633837364547
0.6966536777719129
0.6964091657093179
0.6426126307945477
0.6726371596236843
0.6907465768311236
0.6941658645636043
0.6890893284068681
0.695629055795324
0.6825806501692179
0.635222932902785
0.687272953084733
0.6879016983885492
0.6897103114229826
0.6707586859999379
0.6680030738659299
0.704707051262148
0.5997143478125874
0.7058248206911542
0.6668115627037601
0.6954117117396841
0.6812455366845717
0.6779465644114634
0.7094304033284691
0.5930504238209084
0.6732193312012915
0.6839274070854162
0.6914995187381625
0.6869314124258702
0.6998633837364547
0.6917750799515633
0.6379125655913311
0.6664816654764493
0.6738441953612568
0.6847579718694694
0.6794679728009438
0.6928191076474057
0.6913365106964324
0.6231254075201043
0.7047419815568045
0.7003485267177942
0.6741391622939112
0.6954776911851461
0.7050679976402645
0.7047924364268638
0.6244333529977955
0.6337325736641103
0.6834189772409724
0.6926987921880337
0.6874980594280746
0.6686046511627908
0.7257079206383705
0.6183904120222312
0.6911618592231503
0.6963703542708107
0.6994209333374732
0.6978684757971868
0.6953302077188188
0.7025180861303443
0.6292964262427423
0.6948722327444344
0.6908513677150929
0.6887012140217965
0.7049049895985344
0.6998517403049027
0.7026888564597757
0.6387664172384886
0.6807021765454715
0.7132610923091254
0.6759244884652406
0.6896132828267147
0.6933585866426554
0.6586689229049586
0.6186814978110349
0.6681738441953613
0.6990250566647003
0.7006046822119416
0.6898151023069519
0.6747485018784738
0.6759477753283447
0.6096656006458223
0.6973949762473997
0.6685231471419257
0.690005278355637
0.6869158878504673
0.6904516098984692
0.7073229422175303
0.6361582885708076
0.6955863632129662
0.7051068090787715
0.6903933927407085
0.6994170521936225
0.6984390039432421
0.6936807215822647
