0.6735802775794082
0.6784899245505636
0.6664971900518522
0.6551293197131058
0.6619562517465147
0.6636173813146211
0.6762854348433571
0.6679021641258112
0.6706034402459092
0.6556765609960566
0.6696409165709317
0.6756101158133325
0.6549469059521222
0.6778922283975534
0.6412658738783494
0.6660004036389604
0.6648399416275965
0.6556765609960566
0.705254292545099
0.7042684820070171
0.6879676778340112
0.6695632936939175
0.664110286583662
0.6757925295743161
0.7029178439469681
0.6861241345049214
0.6786218834414879
0.688953488372093
0.6380949793523147
0.7234879063557611
0.6663186574347193
0.66860077001894
0.6584515788493185
0.6642927003446457
0.6815793150557332
0.645694259012016
0.6950313596423138
0.6657714161517683
0.6791147887105289
0.7175031825379575
0.6759206073213898
0.6579586735802775
0.6460823733970876
0.6803761604620113
0.7108586642655325
0.6726526841990872
0.6997236625578289
0.6735104169900953
0.6860697984910114
0.657939267861024
0.6730407985841587
0.6819984785916106
0.6867994535349458
0.6861241345049214
0.6831123668767659
0.6909251094482565
0.6211615487316422
0.6706538951159686
0.7078934703635855
0.6706422516844165
0.6939989753780234
0.6422322786971777
0.6954621666097431
0.6723499549787313
0.6771975036482751
0.6763203651380134
0.6916741702114447
0.7068106312292358
0.7095856490824977
0.6729398888440401
0.6721985903685535
0.6891980004346882
0.7133620020492439
0.6716241810786475
0.6902187412674263
0.6792389853137517
0.6951012202316267
0.6597129506008012
0.6755868289502283
0.6939291147887106
0.6879016983885491
0.6930015214083896
0.6967041326419723
0.6822895643804141
0.6667805135529543
0.6786024777222343
0.6951827242524917
0.6866830192194244
0.6866869003632751
0.6680535287359891
0.7010083211724158
0.5957711056602601
0.7067873443661316
0.6911929083739559
0.725688514919117
0.6874941782842239
0.690769863694228
0.669419691371441
0.6454846772440774
0.697076722451641
0.700829788555283
0.6715387959139317
0.7278541931878163
0.702673331884373
0.6943599217561399
0.6665631694973142
0.6801200049678641
0.6970340298692831
0.6845677958207843
0.6909522774552117
0.6896326885459683
0.6990250566647003
0.6465131803645171
0.6949188064706431
0.7313821529481169
0.676312602850312
0.7137772844412705
0.7064535659949701
0.6930675008538516
0.6586611606172572
0.7168783183779923
0.6864850808830378
0.7012605955227125
0.7090306455118452
0.7087512031545938
0.7114059055484833
0.6876183748874468
0.6885614928431707
0.7089569037786817
0.7129971745272766
0.7153646722762133
0.7229329027851088
0.7106335579221909
0.6653056788896824
0.6869430558574223
0.6899509423417269
0.6922679852206042
0.6960598627627534
0.6951555562455367
0.6972164436302668
0.6222327444344398
0.7102454435371193
0.6885964231378271
0.7040433756636756
0.7162185239233707
0.718671406837023
0.6696991337286925
0.6433888595646908
0.7157527866612848
0.695656223802279
0.6893920576272239
0.7064846151457758
0.717689477442792
0.7029217250908187
0.6117381314621045
0.6949537367652995
0.6971194150339988
0.6753656037507374
0.7296705685099513
0.7041753345545999
0.6957959449809049
0.6576326574968174
0.6892212872977923
0.6838691899276556
0.6965838171825999
0.7046682398236409
0.6933508243549539
0.6994403390567269
0.6215186139659081
0.7116969913372869
0.670374452758717
0.696215108516782
0.6752103579967088
0.6837139441736269
0.682743658210948
0.6240258328934705
0.6786218834414879
0.7035776384015897
0.715803241531344
0.6950352407861645
0.7027431924736859
0.7077886794796162
0.674441891514267
0.6975657465768311
0.6865665849039029
0.7087706088738472
0.696805042382091
0.7229251404974073
0.6953767814450275
0.6634039184028316
0.7020639922998106
0.7028324587822523
0.7034379172229639
0.7094963827739311
0.7165173719998759
0.7092751575744403
0.6312408793119508
0.6769529915856802
0.6906689539541093
0.6790604526966189
0.6759361318967927
0.7108237339708758
0.6815715527680317
0.6452906200515416
0.7187684354332908
0.7042917688701213
0.6908203185642873
0.6793942310677803
0.7112118483559475
0.6891514267084795
0.6302046139038099
0.6461522339864005
0.6944569503524078
0.6867761666718415
0.7267829974850188
0.6847812587325737
0.686729592945633
0.6681544384761077
0.6934284472319683
0.7099504766044649
0.7134473872139597
0.7061857670692706
0.7119803148383892
0.7106257956344894
0.618844505852765
0.6892562175924488
0.6906417859471544
0.695233179122551
0.6510036637997951
0.6691480113018909
0.665953829912752
0.6336743565063496
0.6679953115782284
0.6863958145744714
0.6943754463315429
0.6935720495544447
0.6951051013754773
0.6615914242245475
0.6293429999689508
0.6842146117303691
0.6749347967833079
0.6645488558387929
0.70027090384078
0.6923494892414692
0.6580673456080977
0.6318230508895581
0.6664506163256435
0.6648127736206415
0.6602951221784084
0.6707548048560872
0.6752996243052753
0.6625034930294658
0.6236415996522495
0.7035388269630825
0.6451586611606173
0.6743875555003571
0.648302387679697
0.6555678889682367
0.66860077001894
0.5999045238612724
0.7160050610115813
0.6761146645139255
0.6769064178594715
0.6857593069829541
0.6676149594808582
0.6551293197131058
0.6607453348650916
0.6368801813270408
0.6477202161020896
0.7106762505045486
0.6708091408699972
0.6537049399198932
0.6714844599000217
0.6458689104852982
0.6769879218803366
0.6805624553668457
0.6711196323780544
0.6633068898065638
0.6690199335548173
0.6606599497003757
0.641941192908374
0.6992928555903997
0.6566778961095414
0.6545626727109014
0.65070481572329
0.6867063060825286
0.7057239109510355
0.6396396746048996
0.6749153910640544
0.6844164312106065
0.6931295991554631
0.6956251746514733
0.7008608377060888
0.6712088986866209
0.6246235290464806
0.6680884590306455
0.6907116465364672
0.6964712640109293
0.6981595615859906
0.702960536529326
0.6867063060825287
0.632506132207284
0.6749503213587109
0.6745971372682958
0.6825107895799051
0.6790177601142608
0.6895511845251032
0.6769918030241874
0.6071661440059615
0.6782027199056107
0.6808302542925451
0.6981207501474834
0.6886235911447822
0.6979965535442606
0.6918953954109356
0.6186504486602291
0.7048933461669824
0.6789013257987394
0.6930015214083894
0.7031934051603688
0.6952098922594467
0.6656549818362467
0.6249417828422391
0.6647196261682243
0.6911075232092402
0.7052698171205019
0.6736423758810197
0.7059955910205855
0.692706554475735
0.639961809544509
0.6797784643090011
0.6765415903375044
0.6864385071568292
0.6797435340143447
0.6722335206632098
0.6675140497407396
0.6471380445244822
0.6707315179929829
0.7199017294376999
0.6870245598782871
0.685444934331046
0.699354953892011
0.6700018629490484
0.6306587077343435
0.7197658894029249
0.6884605831030521
0.7070784301549352
0.6690160524109667
0.6658179898779768
0.7178369609091191
0.631279690750458
0.6679060452696619
0.6984622908063465
0.6823516626820257
0.6998633837364547
0.6966536777719129
0.6964091657093179
0.6426126307945477
0.6726371596236843
0.6907465768311236
0.6941658645636043
0.6890893284068681
0.695629055795324
0.6825806501692179
0.635222932902785
0.687272953084733
0.6879016983885492
0.6897103114229826
0.6707586859999379
0.6680030738659299
0.704707051262148
0.5997143478125874
0.7058248206911542
0.6668115627037601
0.6954117117396841
0.6812455366845717
0.6779465644114634
0.7094304033284691
0.5930504238209084
0.6732193312012915
0.6839274070854162
0.6914995187381625
0.6869314124258702
0.6998633837364547
0.6917750799515633
0.6379125655913311
0.6664816654764493
0.6738441953612568
0.6847579718694694
0.6794679728009438
0.6928191076474057
0.6913365106964324
0.6231254075201043
0.7047419815568045
0.7003485267177942
0.6741391622939112
0.6954776911851461
0.7050679976402645
0.7047924364268638
0.6244333529977955
0.6337325736641103
0.6834189772409724
0.6926987921880337
0.6874980594280746
0.6686046511627908
0.7257079206383705
0.6183904120222312
0.6911618592231503
0.6963703542708107
0.6994209333374732
0.6978684757971868
0.6953302077188188
0.7025180861303443
0.6292964262427423
0.6948722327444344
0.6908513677150929
0.6887012140217965
0.7049049895985344
0.6998517403049027
0.7026888564597757
0.6387664172384886
0.6807021765454715
0.7132610923091254
0.6759244884652406
0.6896132828267147
0.6933585866426554
0.6586689229049586
0.6186814978110349
0.6681738441953613
0.6990250566647003
0.7006046822119416
0.6898151023069519
0.6747485018784738
0.6759477753283447
0.6096656006458223
0.6973949762473997
0.6685231471419257
0.690005278355637
0.6869158878504673
0.6904516098984692
0.7073229422175303
0.6361582885708076
0.6955863632129662
0.7051068090787715
0.6903933927407085
0.6994170521936225
0.6984390039432421
0.6936807215822647
0.6556224451876627
0.6929825343738387
0.6647803790412486
0.6904526198439243
0.6716878483835006
0.6741137123745821
0.6656767001114827
0.6223114083983649
0.6827959866220736
0.6653377926421405
0.7105953177257525
0.6856767001114827
0.6887803790412487
0.688561872909699
0.6295503530286138
0.6977094017094017
0.6838840579710145
0.6816767001114826
0.6669877369007804
0.6852396878483835
0.6879821627647714
0.6486480862133037
0.7069639539204756
0.6942564102564103
0.7068138238573022
0.6965841694537347
0.703273132664437
0.7038305462653289
0.6192002972872538
0.6650523968784838
0.6869713861018208
0.6614358974358975
0.6693377926421404
0.6930434782608695
0.7015785953177257
0.629654403567447
0.6835600148643627
0.6989684132292828
0.6758082497212932
0.6978952062430324
0.701917502787068
0.6720044593088071
0.6138342623560015
0.6912627276105536
0.6652396878483835
0.6794470457079153
0.6766064659977703
0.6987692307692308
0.6828896321070234
0.6469951690821256
0.7174002229654404
0.7086064659977703
0.7011415830546266
0.7047045707915273
0.7069342251950947
0.7046064659977703
0.647340022296544
0.6748197696023783
0.7243091787439614
0.7010018580453364
0.7004251207729468
0.6863381642512077
0.6908599033816425
0.622476402824229
0.6828167967298403
0.6804340393905611
0.6968695652173913
0.685484949832776
0.6909357116313638
0.7043820141211447
0.6580616871051653
0.7206109253065774
0.7061033073206986
0.7027038275733928
0.6895800817539949
0.6889840208101077
0.72717502787068
0.6451534745447789
0.7140914158305464
0.7174091415830546
0.7228301746562616
0.7137004830917875
0.7218431809736157
0.7216008918617615
0.638781122259383
0.6693600891861762
0.6968621330360462
0.6850449646971387
0.6978253437383872
0.6770449646971386
0.7005366034931252
0.6491475287997027
0.6886302489780751
0.6689275362318841
0.6816395392047565
0.6828911185432924
0.7069728725380899
0.710611668524712
0.6251846897064288
0.7144689706428837
0.6871616499442585
0.7034678558156819
0.7018342623560014
0.6924102564102563
0.6882378298030473
0.6496306205871423
0.7277770345596433
0.7193608324043106
0.7226696395392047
0.7131133407655148
0.7180720921590487
0.7251638795986621
0.6047982162764772
0.7192002972872538
0.7301062801932368
0.7254938684503902
0.6727075436640654
0.7211950947603121
0.6833221850613155
0.6320074321813453
0.7211772575250837
0.7387558528428093
0.713358602749907
0.711105165366035
0.7003730955035302
0.7201724266072093
0.6391007060572277
0.7157443329617243
0.7027276105536975
0.7173838721664808
0.7071304347826087
0.7162749907097734
0.7300735785953177
0.6427573392790784
0.7241218877740616
0.7227008547008547
0.7255711631363806
0.7203790412486065
0.7216811594202898
0.7299576365663323
0.6367120029728726
0.7204236343366779
0.6989030100334448
0.7114515050167223
0.7117710888145672
0.691503530286139
0.7144184318097362
0.640101077666295
0.7079524340393906
0.6760371609067262
0.711934596804162
0.7064882943143812
0.6923894463024898
0.6934611668524713
0.6331073950204387
0.6957428465254553
0.7159836492010405
0.7083507989594946
0.7034173169825343
0.6887030843552583
0.7126451133407654
0.6497064288368637
0.7233206986250464
0.7223857302118173
0.73844370122631
0.7241456707543663
0.7197279821627649
0.726877740616871
0.6388361204013379
0.6705209959123002
0.6896603493125232
0.7054269788182832
0.7172931995540691
0.6870858416945372
0.7276848755109626
0.6706488294314381
0.6943708658491268
0.7125187662578967
0.7246822742474917
0.7321872909698997
0.7091267186919361
0.7252515793385359
0.6585165366034931
0.7317116313638053
0.7228940914158305
0.7156744704570792
0.7276001486436269
0.7094210330732069
0.7175146785581568
0.6500914158305463
0.7271319212188777
0.7429000371609067
0.7421583054626534
0.7375102192493497
0.7392552954292085
0.739038275733928
0.6337108881456708
0.677056856187291
0.6655161649944259
0.6988405797101449
0.7135146785581568
0.7053259011519881
0.7162378298030472
0.6374106280193237
0.690908955778521
0.6951467855815683
0.702277220364177
0.7109297658862876
0.7030769230769229
0.7140899293942772
0.6308272017837235
0.6868539576365663
0.6657941285767373
0.7111958379784467
0.7255354886659233
0.6937391304347826
0.7035362318840579
0.6534968413229283
0.7287357859531772
0.7404221479004088
0.7336217019695281
0.7380126347082869
0.7393474544778892
0.7334492753623189
0.6443285024154589
0.6692604979561501
0.7070159791898923
0.6877859531772575
0.662015607580825
0.6730434782608696
0.6806599777034559
0.6456960237829804
0.721358602749907
0.6830694908955778
0.6982564102564103
0.7080713489409142
0.6905730211817168
0.6875674470457079
0.6574150873281307
0.7265328874024526
0.7149565217391304
0.7016989966555185
0.6806064659977702
0.6963656633221851
0.6855027870680045
0.6659695280564846
0.7261583054626534
0.7072954292084727
0.7050657748049052
0.7065195094760313
0.711732441471572
0.7144972129319955
0.6434886659234486
0.6754232627276104
0.674812337421033
0.6991527313266443
0.6982564102564103
0.6889007803790412
0.6725841694537347
0.6190694908955778
0.6680118914901523
0.6888041620215533
0.6707692307692309
0.663469342251951
0.6742341137123745
0.7043656633221851
0.6593013749535488
0.6653749535488666
0.6941285767372725
0.6633489409141582
0.6892619843924191
0.6747692307692308
0.6905730211817168
0.6658580453363062
0.731939056112969
0.7092842809364548
0.706180602006689
0.705721293199554
0.707076923076923
0.7068361204013378
0.6248576737272388
0.7078974358974359
0.6993206986250464
0.6962452619843924
0.7116150130063174
0.6816588628762541
0.6973942772203642
0.6147454477889261
0.7221285767372725
0.6986339650687476
0.7181999256781866
0.7027543664065403
0.7123686361947231
0.7025343738387217
0.6653021181716834
0.7202185061315496
0.712297287253809
0.7001322928279451
0.701288740245262
0.7342311408398365
0.7026116685247121
0.6692292827945001
0.7270709773318468
0.7223649201040505
0.7109698996655519
0.7203790412486064
0.726711259754738
0.7187276105536975
0.6320564845782237
0.6887699739873652
0.680891861761427
0.7088353771832033
0.7026384243775549
0.6808799702712746
0.6920118914901523
0.6257227796358231
0.6930613154960981
0.7026176142697882
0.6846406540319584
0.6965797101449276
0.6960847268673356
0.7005886287625418
0.6191036789297659
0.70694165737644
0.6844459308807134
0.7032597547380155
0.6794648829431438
0.7008710516536604
0.6832166480862133
0.6692292827945001
0.7315332590115198
0.7267246376811595
0.7110947603121517
0.7220691192865106
0.705951690821256
0.7253838721664808
0.6161159420289855
0.6672686733556299
0.7097376439985135
0.674804905239688
0.721884801189149
0.7195600148643626
0.7051519881085099
0.6471304347826088
0.7350516536603493
0.718020066889632
0.7038364920104051
0.7154470457079153
0.6992538089929394
0.714778149386845
0.6746012634708287
0.7381122259383128
0.7185522110739503
0.6953251579338535
0.7290702341137124
0.7196313638052767
0.7230932738758826
0.6644637681159419
0.7505046451133408
0.7240104050538833
0.7312478632478633
0.7291549609810479
0.7354500185804534
0.7236566332218506
0.6255562987736901
0.6910590858416945
0.7239806763285025
0.696761055369751
0.717259011519881
0.7115481233742104
0.7036596060943887
0.6529810479375697
0.6987959866220735
0.6919123002601264
0.7003552582683018
0.7125648457822371
0.7338803418803419
0.7197205499814195
0.6442274247491638
0.6753296172426607
0.7021226309921962
0.7194232627276106
0.7235778520995912
0.6946934225195093
0.6987811222593832
0.6660230397621701
0.7453734671125976
0.7292738758825715
0.7380304719435155
0.739670011148272
0.7321337792642141
0.737422519509476
0.6374983277591972
0.6757904124860646
0.7236417688591601
0.6825299145299145
0.711539204756596
0.7022801932367151
0.7094908955778522
0.6598513563730956
0.6992716462281678
0.7221137123745819
0.7210390189520623
0.7047774061687105
0.7350784095131921
0.7048160535117056
0.6572441471571908
0.7100824972129319
0.735897435897436
0.7171698253437384
0.7230338164251208
0.7364236343366777
0.7321337792642141
0.6671289483463395
0.7501672240802676
0.7374180602006688
0.7351185432924563
0.7317146042363434
0.7332991452991453
0.741746562616128
0.6277339279078409
0.6901583054626532
0.7299769602378299
0.6984853214418432
0.7232671869193608
0.7154797473058343
0.7328190263842438
0.6554574507617985
0.6861137123745819
0.6853481976960237
0.6755273132664437
0.6915763656633223
0.7184184318097362
0.70052917131178
0.6526644370122633
0.6686882199925679
0.728230397621702
0.7097926421404682
0.707310293571163
0.7187632850241548
0.7195169082125604
0.6656633221850612
0.7479108138238573
0.7352954292084727
0.7417837235228539
0.7292010405053884
0.7403076923076923
0.7336335934596803
