0.8560274952320408
0.8290686586141132
0.8173110033905487
0.8425381436745073
0.8517297096842552
0.8553983894892986
0.8412931765204493
0.8702055520237337
0.8523621265098538
0.8190691883873702
0.8492000423818605
0.8358100233100233
0.8467101080737444
0.8356643356643357
0.8920090326340326
0.8333101557533376
0.8564314473405381
0.8261946386946386
0.8473855689764781
0.846670375079466
0.8527627675354947
0.8764932983682983
0.8406607596948505
0.8524051705869887
0.8464584657766476
0.8710002119093029
0.8300752278025005
0.8548288832379741
0.8663282739987286
0.8502264780673872
0.8659408773045136
0.8401541640178004
0.864907819453274
0.8475974782792964
0.8521932612841704
0.8542494437380802
0.8684241894469168
0.8338895952532316
0.8580340114431023
0.8584975630430176
0.8243404322949776
0.84614060182242
0.8672321996185633
0.843177182665819
0.8548288832379741
0.8438228438228439
0.8480610298792117
0.8440347531256622
0.8409753125662216
0.8728345518118245
0.8341809705446069
0.8402601186692096
0.8444983047255775
0.8363795295613476
0.826406547997457
0.8300752278025005
0.8721491576605213
0.8429222292858656
0.8412931765204493
0.8543653316380588
0.8414388641661369
0.8369887688069506
0.8611331849968213
0.8504416984530622
0.8487464240305149
0.8551864801864801
0.8495576393303667
0.8416507734689552
0.8607755880483152
0.8350948294130113
0.8542494437380801
0.8448128575969485
0.8503390548845093
0.8407236702691249
0.8521932612841704
0.8568949989404535
0.84118722186904
0.8649376191989828
0.8556069877092605
0.8601829042169951
0.8649607967789787
0.868450678109769
0.8491205763933037
0.8668613583386311
0.8625470173765628
0.8632390336935791
0.8687619198982836
0.8426705869887687
0.8569247986861623
0.8636562301335029
0.8819598961644417
0.869417514303878
0.8658581002331003
0.8568055997033269
0.8513423129900404
0.856146694214876
0.8565870682347957
0.8565076022462386
0.8432897594829413
0.8767383184996821
0.8563387370205552
0.879201764144946
0.8495278395846577
0.8623615967365967
0.8636297414706505
0.8719206929434202
0.8479385198135199
0.8722385568976478
0.8819764515787243
0.8652919050646324
0.8612490728968002
0.8544779084551811
0.8723312672176309
0.8852411792752701
0.8517462650985379
0.8587988715829625
0.8687122536554355
0.8684109451154907
0.8769369834710744
0.8856484424666243
0.8549116603093876
0.8585538514515788
0.8610802076711169
0.8501072790845519
0.8563685367662641
0.8752317757999577
0.8573353729603729
0.8430513615172707
0.8825194691671965
0.8498291481246026
0.8505079201101927
0.8504648760330578
0.869818155329519
0.8994523468955288
0.8635668308963764
0.8499317916931552
0.8495179063360881
0.8534150508582328
0.8467299745708836
0.8595637317228226
0.8591101133714771
0.8636628522992158
0.8673547096842551
0.8501867450731087
0.8489053560076288
0.8806818181818182
0.8464121106166561
0.855209657766476
0.8373397435897436
0.8597590856113584
0.8668646694214875
0.854587174189447
0.856590379317652
0.8523257045984319
0.8711094776435686
0.86039812460267
0.8722650455605001
0.8599180175884722
0.8693214929010383
0.877297891502437
0.8646528660733207
0.8650468849332487
0.890588578088578
0.8714008529349438
0.8787084127993219
0.8585571625344351
0.8933202214452215
0.8788474782792963
0.8664309175672811
0.885128602458148
0.8745596259800805
0.8620735325280782
0.8627191936851029
0.8659309440559441
0.8619079783852511
0.8427301864801865
0.8534614060182242
0.8934890866709049
0.8860325280779827
0.8750595994914177
0.8819135410044501
0.8832512184784912
0.8645436003390549
0.8661726531044712
0.8661428533587625
0.8805957300275482
0.8634873649078195
0.8786421911421911
0.8746390919686374
0.8740232305573215
0.8763906547997456
0.8824896694214877
0.8693844034753127
0.8570307533375716
0.8779468637423182
0.8742682506887054
0.8733676361517271
0.875701949565586
0.8730828830260648
0.8555208995549904
0.8629741470650562
0.8663680069930071
0.879430228862047
0.8803374655647384
0.8845127410468321
0.8770561824539096
0.884741205763933
0.8847710055096418
0.8749039785971604
0.8720398919262555
0.8824896694214878
0.8665269389701207
0.8840028342869253
0.8676527071413435
0.8563817810976901
0.8755496397541852
0.8817413646959102
0.8763972769654587
0.8723908667090485
0.8674937751642298
0.874470226742954
0.8754569294342023
0.8766422970968425
0.8700797308751855
0.8710432559864378
0.8505940082644629
0.8715399184149184
0.866596471710108
0.8687486755668573
0.8669938016528926
0.8687983418097055
0.8715465405806316
0.8797778925619835
0.8949823850392031
0.8815460108073745
0.8865854789150245
0.8835293494384404
0.8941910362364908
0.8738311877516423
0.8851319135410045
0.8863239033693578
0.9000549639754184
0.8725233100233101
0.8781389065479974
0.8743874496715406
0.8800924454333545
0.8831386416613689
0.8783508158508158
0.8832247298156389
0.8849630483153212
0.8834366391184573
0.8918004344140708
0.8808738609874973
0.8817910309387583
0.8671692890442891
0.8519515522356431
0.8886251059546514
0.8805891078618351
0.868973829201102
0.8839266793812249
0.8769601610510702
0.8808043282475101
0.8837644363212545
0.8918997668997668
0.8720332697605425
0.869818155329519
0.8677983947870312
0.8826287349014621
0.866934202161475
0.8692056050010596
0.8610239192625557
0.8790428321678322
0.8703644840008475
0.8719107596948505
0.8651594617503708
0.8831783746556474
0.888863503920322
0.8793110298792117
0.8919957883026065
0.877612444373808
0.8935983524051705
0.9002834286925196
0.8698744437380802
0.8643548686162321
0.8798341809705446
0.864808486967578
0.8930387794024157
0.876446943208307
0.8902309811400722
0.8850723140495869
0.8907739987285441
0.8733080366603094
0.8890754132231404
0.8854299109980928
0.8695797573638486
0.881390389913117
0.8682056579783853
0.8931811559652468
0.8951711167620259
0.8951711167620258
0.8858901515151514
0.866732226107226
0.8667024263615173
0.8691625609239246
0.8764469432083067
0.873768277177368
0.8698313996609451
0.8810559705446068
0.8871549851663489
0.8411110669633397
0.8297176308539944
0.8126589319771138
0.8441804407713498
0.8379820936639116
0.869503602458148
0.870212174189447
0.837336432506887
0.8369490358126721
0.8367371265098538
0.8539017800381437
0.8486702691248146
0.8284726636999364
0.8666593822843822
0.8659309440559441
0.8354524263615172
0.8527627675354947
0.8557559864378047
0.8328168044077134
0.8572128628946811
0.8866119675778766
0.8488457565162111
0.8434652468743378
0.8562195380377199
0.8635171646535283
0.8382337359610086
0.8590670692943421
0.8762780779826234
0.8520409514727696
0.8499152362788726
0.84614060182242
0.8515178003814368
0.8530144098325916
0.8500211909302818
0.8882145316804406
0.8227809122695485
0.8571069082432718
0.8669739351557533
0.8522992159355796
0.8448559016740835
0.840829624920534
0.8886747721974997
0.857027442254715
0.8490940877304514
0.8681129476584023
0.824552341597796
0.850842339478703
0.8431473829201102
0.8699704651409197
0.849190109133291
0.8457830048739139
0.8378761390125026
0.8298633184996821
0.8428957406230133
0.8560738503920322
0.9005847372324646
0.8452598537825811
0.8620602881966518
0.872245179063361
0.8495576393303667
0.8472398813307904
0.8154005085823267
0.8884165077346895
0.856891687857597
0.8483126721763085
0.8503787878787878
0.8410812672176307
0.8277972027972028
0.8521932612841704
0.8580141449459631
0.8435480239457511
0.8505906971816064
0.8378761390125026
0.8380880483153211
0.8484186268277177
0.8457830048739139
0.8719074486119941
0.8462200678109768
0.8586564950201314
0.8507728067387159
0.8825525799957619
0.8653415713074806
0.8638615172706082
0.8758112152998516
0.880883794236067
0.8436043123543124
0.84596842551388
0.8513489351557533
0.8540110457724095
0.8748079571943209
0.8733775694002966
0.8628814367450731
0.8613450942996398
0.8655832803560076
0.8612921169739352
0.845905514939606
0.8517959313413859
0.8829929540156813
0.8709008794236067
0.8633880324221234
0.8553553454121635
0.876466809705446
0.8658912110616657
0.8739868086458996
0.8584743854630219
0.8740530303030303
0.8764204545454546
0.8536037825810553
0.8564778025005297
0.8802447552447552
0.846547865013774
0.8863272144522145
0.8782382390336936
0.8622390866709049
0.8656263244331426
0.8807811506675143
0.8595869093028184
0.8519912852299216
0.8625933725365542
0.8775263562195381
0.8682619463869464
0.8726259535918628
0.8659706770502225
0.8751158878999789
0.8709373013350286
0.8734504132231404
0.8694440029667303
0.8642224253019708
0.8780461962280144
0.8662587412587412
0.8597955075227801
0.8768078512396694
0.8755065956770502
0.8536799374867556
0.8612987391396482
0.8724901991947447
0.8450082114854841
0.8793176520449248
0.8611066963339691
0.8779038196651833
0.8664474729815639
0.8515840220385674
0.8582856537401992
0.8652157501589319
0.848974888747616
0.8585803401144311
0.8603021031998304
0.8582790315744862
0.8527296567069294
0.8600703273998729
0.8647919315532953
0.854901727060818
0.8514383343928799
0.8787084127993218
0.8872311400720491
0.8698943102352195
0.8587657607543971
0.8814466783216784
0.8507463180758634
0.8725895316804407
0.876102590591227
0.8597955075227803
0.8690731616867982
0.8960386204704387
0.8713048315321044
0.8706591703750794
0.8657057904216996
0.8668944691671965
0.8568685102776012
0.8780925513880059
0.8720763138376775
0.8741656071201527
0.8704406389065481
0.8709406124178852
0.8626695274422549
0.8759436586141133
0.8714637635092181
0.884247854418309
0.8720332697605425
0.8695797573638483
0.881936718584446
0.8709406124178851
0.8719140707777072
0.8850524475524476
0.8784269707565163
0.8698313996609452
0.8764899872854419
0.8724703326976054
0.8893171222716677
0.886330525535071
0.8856385092180548
0.8791123649078195
0.8635469643992372
0.8683116126297945
0.8798772250476796
0.8714240305149396
0.8869397647806738
0.8815691883873703
0.8878205128205128
0.8657753231616868
0.8839432347955075
0.8815691883873703
0.8692221604153424
0.874728491205764
0.8724769548633184
0.8708578353464718
0.8641760701419794
0.876503231616868
0.8832346630642086
0.8766058751854207
0.8646197552447553
0.8775064897223989
0.8577492583174401
0.8777448876880696
0.8623251748251749
0.8841816327611783
0.8782117503708413
0.883016131595677
0.8955949353676628
0.8747914017800382
0.8681626139012502
0.8956578459419368
0.8778077982623438
0.8742152733630006
0.8655137476160203
0.8603716359398179
0.8654839478703117
0.8668911580843399
0.8627291269336724
0.8624145740623013
0.8832777071413436
0.8747119357914812
0.8653250158931978
0.8910355742742107
0.8930454015681288
0.8854332220809493
0.8713114536978173
0.850372165713075
0.8631330790421698
0.8831419527442256
0.8834796831955923
0.8745695592286501
0.8804069983047256
0.8613119834710744
0.8764701207883026
0.8650468849332485
0.8856252648866285
0.8825227802500528
0.8939129052765417
0.8788044342021615
0.8787680122907395
0.8824135145157872
0.8691393833439288
0.8713544977749523
0.8678215723670268
0.8783706823479551
0.8932473776223776
0.8729371953803773
0.8892740781945327
0.8782746609451155
0.881906918838737
0.8829763986013985
0.8878569347319347
0.8703711061665607
0.876403899131172
0.8889562142403051
0.8633019442678533
0.871728650137741
0.9023826552235643
0.875701949565586
0.8727782634032635
0.854544130112312
0.8858305520237338
0.884741205763933
0.8790924984106803
0.889035680228862
0.8916514356855266
0.874013297308752
0.8858040633608815
0.8648548421275694
0.8906514886628523
0.8746258476372113
0.9003264727696545
0.880310976901886
0.8885158402203857
0.8647753761390125
0.8903468690400508
0.8737947658402203
0.8787713233735961
0.871771694214876
0.8854530885780886
0.8797050487391397
0.8879860669633397
0.874963578088578
0.8844928745496927
0.8730696386946387
0.8939625715193897
0.8905157342657343
0.8911249735113371
0.8782978385251112
0.8727848855689766
0.8709836564950202
0.8709935897435896
0.8691857385039203
0.8706757257893621
0.8700035759694851
0.8690963392667939
0.9684573311461652
0.9348212752970798
0.9175067236347684
0.935450721956244
0.9403623133118433
0.9374153584984837
0.9286317164819655
0.965519913403399
0.9385550384343946
0.9269841875369561
0.9344684036851241
0.9381664028077137
0.9413160203711827
0.9390914986552731
0.9548085909931906
0.9450628969805634
0.9391201098670532
0.9376180212485933
0.9350167852442446
0.9461990005150019
0.9510247582352603
0.9554201556449922
0.9402919774162167
0.9393799950407233
0.9349595628206842
0.9503309363495909
0.9415472943330726
0.941084746409293
0.9438600339519713
0.9453752360424972
0.938831613481603
0.9422411162187423
0.9359132698800235
0.9400452057146127
0.9415759055448528
0.9589786751101532
0.9483662998073512
0.9514586949472599
0.940102428138173
0.9417785682949626
0.9394086062525034
0.9476152554981213
0.9539049535544663
0.9497825547904706
0.9420384534686326
0.9337745817994545
0.9456792301676616
0.9420384534686326
0.9459391153413318
0.965463883113663
0.9379589715223072
0.9381377915959335
0.9386289507314933
0.9405077536383925
0.9352194479943541
0.940593587273733
0.9514741926869743
0.9493200068666908
0.9432806569134226
0.9349595628206842
0.9264644171896161
0.9393799950407233
0.9281691685581857
0.9576494458961986
0.9386241821961967
0.9350167852442446
0.9323011043927747
0.9303650790623152
0.9405649760619528
0.9422697274305225
0.959087159288153
0.943974478799092
0.9505335990997005
0.9464016632651115
0.9454193449939917
0.9442343639727622
0.9500424399641406
0.966994582943903
0.9439470597211361
0.9515576420546665
0.9434594769870486
0.9423925172144125
0.942109981498083
0.9493748450226029
0.9624203654605451
0.9550243672153662
0.9521978179182482
0.9502665611230854
0.9515385679134797
0.9391272626699985
0.9456196234764528
0.9526472523699621
0.9415234516565891
0.9422578060922807
0.9443070841360369
0.9397722070688767
0.9393323096877564
0.941051366662216
0.9542101398134549
0.9460452152516834
0.9438588418181472
0.9522741144829955
0.9518294485665784
0.9464863047666279
0.9517436149312377
0.9620841837221279
0.9464362351460126
0.9444072233772675
0.9569377420031664
0.9472325805405613
0.9523897514639403
0.9516041352738094
0.9612353844393156
0.9470251492551548
0.948249470692582
0.9392750872641958
0.9550017166727068
0.938906717912526
0.9512584164647987
0.9578711827874951
0.9507374539836344
0.9445431266332234
0.9507267247792168
0.9500054838155912
0.949088732904801
0.9493104697960976
0.9486989051442958
0.9461167432811339
0.9433676826825872
0.9437527419077957
0.949306893394625
0.945060512712915
0.9427430045587197
0.9501688061495032
0.9443726514963663
0.9420658725465886
0.9472778816258798
0.9454110000572223
0.9437014801533562
0.9447362523127396
0.9694992561084936
0.9405542468575352
0.9479609743071319
0.9532671619585328
0.941583058347798
0.9496585728727565
0.9524588952257425
0.9586901787247029
0.9536248021057852
0.9527450073435444
0.9560174146909035
0.9579439029507697
0.9488705724149771
0.9614916932115132
0.950782755068953
0.957030728441452
0.9541779522002023
0.944214097697751
0.9650037194575314
0.9598429721326798
0.9614297022526561
0.9582514734774068
0.9569448948061113
0.9540384725427737
0.9525661872699182
0.9568113758178038
0.9530263509260496
0.953268354092357
0.970648473114998
0.9499208423140749
0.9537809716367521
0.9583408835142198
0.9475067713201213
0.9615477235012494
0.9581358364964616
0.966516537280409
0.9511737749632821
0.9581823297156046
0.9657273446888053
0.963633957693555
0.9644267266866309
0.9513049096839414
0.9626576000915559
0.9510104526293703
0.9528594521906651
0.9619911972838422
0.9560007248173651
0.9563786312396284
0.9582967745627253
0.9755672172735423
0.9610148396818431
0.9651718103267402
0.9581537185038242
0.9624477845385012
0.9624632822782155
0.9620758387853587
0.9711646670608656
0.9627207831842371
0.9618612546970073
0.961435662921777
0.9570402655120455
0.9686599938962749
0.9526544051729071
0.9572405439945066
0.9566647433574303
0.9553641253552558
0.9672687737234631
0.9621068342647873
0.9630593491903028
0.9500865489156352
0.9687887443492857
0.9469071280065615
0.95434008240029
0.9547787876475862
0.9636494554332692
0.961968546741183
0.9572953821504188
0.9632953916874892
0.9596081217693173
0.9525399603257863
0.9625455395120835
0.9574002899269461
0.9583838003318902
0.9522455032712153
0.9635207049802582
0.9621890914986553
0.9635576611288077
0.9642884391630266
0.9648976195471799
0.9605236805462833
0.9658954355580139
0.9641418067026533
0.9578068075609897
0.9674535544662102
0.9591586873176036
0.9589393346939554
0.9611412058672059
0.9672592366528696
0.9759868483796518
0.9534817460468842
0.9714173994315907
0.9670732637762984
0.9607001163522613
0.9616967402292711
0.9718942529612604
0.9645459400690484
0.9617325042439964
0.9723305739409084
0.9674845499456387
0.9656677379975968
0.9560090697541344
0.9581918667861979
0.9703277891162949
0.9674976634177046
0.9682606290651763
0.9643158582409828
0.9630057031682149
0.9658739771491789
0.9602018044137564
0.9651598889884982
0.967083992980716
0.965834636732981
0.960697732084613
0.9670041200144964
0.9631320693535773
0.9689735250920326
0.9728658420279627
0.9640190169187632
0.9705304518664047
0.9702491082838995
0.9673510309573312
0.9671233333969138
0.968661186030099
0.9685884658668245
0.965397123619509
0.9677360901825394
0.969036708184714
0.9706210540370419
0.9690772407347359
0.973024395826578
0.9683762660461214
0.9695159459820321
0.9651837316649817
0.9733498483605776
0.9702038071985809
0.9655854807637287
0.9608932420317776
0.9690045205714615
0.9680090888282755
0.9665213058157057
0.968791128616934
0.9707247696797452
0.9590740458160872
0.9618374120205239
0.9678576878326054
0.9611996204245904
0.9643826177351366
0.9624084441223035
0.9643432773189388
0.9649333835619052
0.964071470807027
0.9713625612756784
0.9711885097373492
0.9705721765502509
0.971023995269613
0.9700321399278998
0.9702526846853721
0.9706651629885364
0.9673188433440785
0.937540532550022
0.9381091803841533
0.9452166822438821
0.9325323783546646
0.9400165945028326
0.9318099452572148
0.9671865164895951
0.9387231293036031
0.9267243023632862
0.9415759055448528
0.9337745817994545
0.9339772445495642
0.939351383828943
0.9651122036355313
0.9340571175157838
0.935450721956244
0.939582657790833
0.9328208747401148
0.9371840845365936
0.9461417780914415
0.9671209491292655
0.9424068228203024
0.9344684036851241
0.9394086062525034
0.9449854082819921
0.945707841379442
0.949868388425811
0.9698068266351307
0.9336482156140921
0.9349881740324641
0.9449854082819921
0.9425010013924124
0.9447541343201022
0.9379351288458236
0.9634384477463903
0.9464302744768917
0.9437718160489824
0.9473839815362313
0.9371554733248136
0.9456792301676616
0.9430207717397524
0.9735250920327312
0.9517471913327102
0.9481350258454613
0.9522669616800504
0.943974478799092
0.9342371297232342
0.9507934842733706
0.9614416235908978
0.9470811795448911
0.9323297156045549
0.9505049878879204
0.9374153584984837
0.9459105041295516
0.938080569172373
0.9682665897342972
0.9442343639727622
0.9391487210788335
0.9444656379346519
0.9498111660022508
0.9435119308753124
0.9449567970702119
0.9681449920842313
0.949253247372537
0.9378779064222633
0.943483319663532
0.935970492303584
0.9427322753543022
0.9410561351975127
0.9599574169798006
0.9391487210788335
0.9332834226638946
0.9437145936254221
0.9425010013924124
0.9405649760619528
0.9373867472867033
0.9717595418391287
0.9516434756900072
0.9441914471550918
0.9426750529307418
0.9496311537948003
0.9435441184885649
0.9565228794323536
0.973005321685391
0.9562606099910351
0.9546178495813227
0.9487883151811091
0.9540575466839606
0.9457877143456616
0.9403706582486124
0.9599049630915367
0.9438612260857955
0.9534900909836534
0.9530692677437198
0.9556621588112995
0.9520952944093691
0.9398198924218437
0.9609051633700193
0.9474912735804071
0.9461751578385184
0.9499363400537891
0.9421195185686765
0.9441258797947623
0.9525912220802258
0.9699892231102295
0.9341882522364431
0.9412838327579302
0.9464886890342762
0.9452500619909587
0.9403205886279971
0.9534960516527743
0.9669886222747821
0.9501235050641846
0.9580452343258244
0.9499649512655693
0.9413100597020618
0.9451737654262117
0.9504525339996568
0.9667788067217274
0.9381842848150762
0.9454241135292885
0.9409726858298205
0.9533291529173897
0.9452870181395083
0.9496180403227346
0.9701108207602953
0.9375154977397142
0.9522383504682701
0.9443821885669599
0.9444835199420146
0.9556812329524864
0.9554177713773437
0.9760261887958495
0.9452882102733324
0.9528439544509508
0.9366070917656933
0.9449114959848933
0.9498111660022508
0.9577877334198027
0.9689508745493736
0.9487299006237244
0.937494039330879
0.9482995403131973
0.9497324851698552
0.9496204245903829
0.9418691704655997
0.9672175119690236
0.9398496957674481
0.9426953192057528
0.9413494001182597
0.9463623228489138
0.9422911858393576
0.9441664123447843
0.9572238541209683
0.9499208423140749
0.9576351402903085
0.9501831117553932
0.9573681023136934
0.9540933106986859
0.9649846453163446
0.9592588265588341
0.9579045625345719
0.9619375512617544
0.9600468270166136
0.9571714002327045
0.9554046579052778
0.95976309916646
0.9701263185000094
0.9584803631716482
0.9570915272664848
0.960439039044767
0.9567720354016062
0.9651765788620368
0.9562772998645735
0.978160108341122
0.9597869418429436
0.9587676674232744
0.9661648578022775
0.9529631678333683
0.9532707383600053
0.9585232799893184
0.9675763442501002
0.9534400213630381
0.9648475499265646
0.9619077479161501
0.9548240887329048
0.9564310851278922
0.9568089915501554
0.9672485074484523
0.9581167623552749
0.9522192763270835
0.96808180899155
0.9597642913002842
0.9597630991664601
0.9528368016480059
0.9676681385545617
0.955099471646289
0.9451785339615085
0.9592933984397354
0.957420556201957
0.9564346615293646
0.9578592614492533
0.9713780590153929
0.9527402388082477
0.963818738436302
0.9610267610200851
0.9674845499456387
0.9568829038472543
0.9538930322162246
0.9689759093596811
0.9520952944093692
0.9545332080798062
0.9528189196406432
0.9597535620958665
0.959660575657581
0.9628924504549183
0.9592945905735594
0.9597189902149657
0.9516530127606005
0.9513919354531062
0.9576291796211875
0.9530215823907529
0.9662256566273104
0.963129685085929
0.9557479924466402
0.9537642817632136
0.951239342323612
0.9510652907852825
0.9504871058805577
0.9513251759589525
0.9716033723081619
0.9636124992847197
0.9637841665554009
0.9563059110763539
0.9646770747897075
0.9664700440612661
0.9654805729872012
0.9693454708451751
0.9602506819005474
0.9638318519083678
0.9712648063020962
0.9634312949434451
0.969903389474889
0.9645364029984549
0.9747923302878289
0.9647807904324107
0.9701930779941633
0.9641215404276422
0.9668884830335515
0.9683190436225609
0.964604354626433
0.973925648997654
0.9694468022202299
0.9658704007477064
0.9608586701508766
0.9688495431743185
0.9699582276308009
0.9670196177542106
0.9773625708127491
0.9650800160222786
0.9579212524081103
0.9683166593549125
0.9595938161634272
0.9686862208404067
0.9632286321933357
0.9652349934194213
0.9670029278806722
0.9681104202033303
0.963560045396456
0.9580082781772751
0.9689663722890878
0.9624096362561276
0.9726166860587102
0.9619363591279303
0.9617885345337325
0.9754706544337841
0.9652874473076849
0.9682880481431324
0.9678708013046713
0.9733045472752588
0.9636649531729833
0.9659574265168711
0.9700237949911303
0.9670649188395293
0.9626635607606768
0.9611733934804587
0.9693836191275487
0.9611078261201288
0.9590728536822629
0.9654686516489596
0.9658966276918383
0.9654686516489595
0.9646830354588285
0.9725177389513038
0.9678982203826273
0.9688090106242967
0.965041867739905
0.9738350468270166
0.9644636828351804
0.9637698609495107
0.9664152059053541
0.9571237148797375
0.9581453735670552
0.9566194422721117
0.9563440593587272
0.9586258034981974
0.958882112270395
0.9280908804591267
0.908703982362822
0.8859357502799552
0.8953667413213886
0.8722004479283314
0.8781494960806271
0.8947368421052632
0.9284277015677491
0.8911630389137738
0.9020156774916013
0.8840985442329227
0.8947368421052632
0.8902400615901457
0.9011933090705487
0.9140931201007837
0.9053795142777156
0.885235862262038
0.8980263157894737
0.9017007278835386
0.9006858902575587
0.8920772676371781
0.9193860232362822
0.9016613591825307
0.9026455767077266
0.8859357502799552
0.9013157894736842
0.9082796752519597
0.9128989361702128
0.9293550531914894
0.8890502519596865
0.9039753639417692
0.9068274076147816
0.9041678331466965
0.8806865901455767
0.898218784994401
0.9232922732362823
0.8924906389977604
0.900878359462486
0.900370940649496
0.8913773796192609
0.8924622060470324
0.900878359462486
0.9058278800391937
0.8884028555431133
0.8971339585666293
0.9053051511758117
0.8923922172452408
0.8972739361702128
0.88429101343785
0.9240927701567748
0.9104711996080628
0.8901175811870101
0.8857432810750279
0.8902400615901457
0.9015082586786114
0.8988486842105263
0.924300549412094
0.8893192714165734
0.8915698488241882
0.9103093505039195
0.9037304031354984
0.899671052631579
0.8973264277715565
0.9329857222844345
0.8896036009238523
0.8888402855543113
0.88429101343785
0.8826462765957447
0.8927071668533035
0.8975188969764838
0.9140384413493842
0.9015345044792833
0.897203947368421
0.899671052631579
0.8988486842105263
0.9043603023516238
0.9020156774916013
0.9305601728723405
0.91454804731243
0.9096050881858904
0.9096182110862263
0.9032536044232922
0.899865708986562
0.9032186100223965
0.9293878604423293
0.9161730998040313
0.9115254059350503
0.8994129689249719
0.912857380319149
0.9130739081746919
0.8881054031354984
0.9305339270716685
0.9052264137737962
0.9151845079787234
0.9085377589585666
0.9124440089585667
0.906993631019037
0.9056922767357222
0.8994610862262038
0.9077788178891377
0.9105783699608062
0.9066874300111982
0.9110879759238522
0.9140887458006719
0.9154185330347143
0.9301008713605823
0.9115997690369542
0.9053182740761477
0.9170217140257557
0.9054254444288914
0.9090757978723405
0.9082709266517357
0.9349825902855544
0.9017925881858901
0.8923309770436729
0.9075776000839867
0.9113241881298993
0.9082206222004479
0.9099528450447929
0.9343439424692048
0.906971759518477
0.8985315474524076
0.9143949468085105
0.9039688024916013
0.908483080207167
0.9139356452967525
0.9213478968365063
0.9158384658454648
0.9034810680291153
0.9088308370660695
0.9057207096864501
0.9215425531914894
0.9129601763717805
0.9207486177211647
0.9006530830067189
0.9048217910134377
0.8871802386618142
0.8974992126259799
0.9092726413773796
0.9137759833426652
0.9202127659574467
0.8986365306550953
0.9132248215285553
0.9005415383538634
0.9236728373460246
0.9021644036954088
0.9079537898936171
0.9163918148096304
0.9149986002239642
0.9041022186450168
0.9003250104983203
0.9130126679731243
0.9046971234602463
0.9068077232642777
0.9284889417693168
0.9217131508958567
0.9301642987122061
0.9195609952407614
0.9168708006718924
0.9216825307950728
0.9257615656494961
0.9265401910694289
0.9278349839025755
0.9312141307390818
0.9229182705767077
0.9245739431690929
0.9157116111422171
0.9126605368141096
0.9309735442329227
0.9206851903695409
0.9219581117021276
0.916033122200448
0.9308729353303471
0.9210613801791714
0.9244274041153415
0.9357568414053752
0.9041437744960806
0.9198212660974244
0.930190544512878
0.9298559105543113
0.9256587695968646
0.9192897886338185
0.9313562954927211
0.9243421052631577
0.9156306865901456
0.9170064039753639
0.9197644001959686
0.9357371570548711
0.9355753079507279
0.9207704892217246
0.9061231452967525
0.9163283874580066
0.9124374475083986
0.9252322753359463
0.9297793603023518
0.9226120695688689
0.9173782194848825
0.9062259413493841
0.9120109532474803
0.9136556900895857
0.9188020541713325
0.9125402435610303
0.928961366181411
0.9313300496920494
0.9107030375139977
0.9168511163213885
0.9152479353303471
0.920368053611422
0.9272772606382979
0.9311200832866743
0.932145856662934
0.9205845814669653
0.917231680431131
0.9288738801791714
0.92823085806271
0.9320824293113102
0.9379767987122061
0.9153113626819709
0.9236312814949609
0.9214485057390817
0.9358137073068309
0.9134085421332586
0.9140340670492721
0.9200268582026876
0.9230254409294514
0.9117944253919373
0.921630039193729
0.9135222739361702
0.9159106417973124
0.9146792763157895
0.9126299167133259
0.9396215355543114
0.9411940964445689
0.9284080172172453
0.9336746745520716
0.9292741286394177
0.9257987472004479
0.9296350083986562
0.9198431375979843
0.9273603723404257
0.9282177351623739
0.934560470324748
0.938473281774916
0.9444048327267638
0.9291757068868982
0.9309801056830906
0.9354200202967524
0.941170037793953
0.9378477568589026
0.935778712905935
0.9384557845744681
0.9402208146696528
0.9290488521836505
0.9361352183650616
0.9285458076707728
0.9324936135218365
0.9383901700727881
0.9330272781354982
0.9292238241881299
0.9436043358062709
0.9255362891937291
0.9177762807950727
0.93650703387458
0.9137147431410975
0.9335631298992161
0.9299171507558791
0.9405270156774915
0.9337118561030235
0.9215775475923851
0.9372091090425532
0.932165541013438
0.9402995520716685
0.9254925461926091
0.9305120555711084
0.9391491111422172
0.9403148621220604
0.9355009448488243
0.9208339165733482
0.9300483797592385
0.9202018302071668
0.9467013402855543
0.922863591825308
0.9337840320548711
0.9324061275195968
0.9344379899216125
0.937255039193729
0.9453999860022396
0.9297356173012318
0.9230123180291153
0.9348863556830906
0.9297662374020158
0.939236597144457
0.9374671927491601
0.9266123670212767
0.9404898341265397
0.9324564319708846
0.9319927561590147
0.9361417798152295
0.9436568274076149
0.9270388612821948
0.9372900335946248
0.9298559105543113
0.9181830907054871
0.9188173642217246
0.9222358797592385
0.9217087765957447
0.9190185820268756
0.9257309455487122
0.9328238731802911
0.8948024566069428
0.8985337346024637
0.8975188969764838
0.8932145856662935
0.8915698488241882
0.8745975643896976
0.9353565929451289
0.9074573068309072
0.8966965285554311
0.8842210246360582
0.8902400615901457
0.9164508678611423
0.8948593225083987
0.9306782789753639
0.8999794407894736
0.8973964165733482
0.8934070548712206
0.920685190369541
0.895996640537514
0.8997935330347144
0.9321939739641658
0.8897851343784995
0.9119540873460247
0.9084721444568868
0.9056900895856662
0.9030305151175811
0.8947893337066068
0.9401267672172453
0.9033804591265396
0.8850433930571108
0.8989711646136619
0.8988486842105263
0.9085946248600223
0.9033454647256438
0.9255362891937289
0.8987305781075027
0.9027680571108623
0.8858132698768197
0.9091020436730122
0.9110617301231803
0.9091020436730122
0.9212013577827547
0.9089095744680851
0.9127064669652856
0.8870730683090706
0.90625
0.904290313549832
0.8968889977603584
0.9305142427211648
0.8985949748040314
0.9071423572228443
0.9013157894736842
0.8999860022396415
0.9058125699888017
0.9044827827547592
0.9325439179731243
0.9036800986842106
0.8946668533034713
0.9013157894736842
0.890869960806271
0.9125839865621501
0.8956816909294513
0.9298034189529676
0.912356522956327
0.8950517917133258
0.8907474804031356
0.8752974524076147
0.8963115901455767
0.906005039193729
0.927471916993281
0.901123320268757
0.9004934210526315
0.902330627099664
0.9075797872340425
0.8959266517357223
0.9070723684210527
0.9400042868141097
0.9110857887737962
0.9181196633538635
0.9263345989641658
0.894017269736842
0.9250835491321389
0.9127327127659575
0.9382764382698768
0.9142374720044792
0.8887899811030237
0.897717927631579
0.9040212940929452
0.899657929731243
0.9110879759238523
0.930400510918253
0.9050973719204927
0.9082337451007838
0.8923331641937291
0.9083256054031356
0.9186489536674133
0.9058650615901456
0.9244777085666294
0.9154841475363942
0.9155716335386339
0.9168401805711087
0.910921752519597
0.9137278660414333
0.9140974944008958
0.9433440649496081
0.9151079577267637
0.917732537793953
0.9102940404535274
0.9101103198488241
0.9090648621220605
0.8970267882138858
0.9375371815509519
0.905272343924972
0.9054101343784995
0.8908087206047033
0.8981662933930572
0.9168379934210527
0.9039381823908176
0.9417168253079509
0.9080325272956327
0.9084677701567747
0.8929280690089586
0.9244427141657334
0.9164202477603584
0.8946668533034716
0.9236575272956327
0.9098347389417695
0.9169517252239643
0.9071817259238522
0.9057338325867861
0.9147033349664055
0.9315312674972003
0.9393284574468086
0.913084843924972
0.9169539123740201
0.9179621885498321
0.9093229458286675
0.897936642637178
0.9068077232642776
0.9292260113381859
0.912879251819709
0.896014137737962
0.9091173537234042
0.9090561135218365
0.9188414228723404
0.9035969869820828
0.9280515117581187
0.8998788318868982
0.9120962520996639
0.9090823593225084
0.9127677071668532
0.9117397466405375
0.908185627799552
0.9291057180851064
0.9143665138577827
0.9172535519316909
0.9243202337625979
0.931868088605823
0.9281958636618142
0.9319380774076147
0.9367148131298992
0.9321436695128779
0.9246439319708847
0.9341580347144458
0.9204642882138857
0.9323339515677491
0.9253569428891377
0.937239729143337
0.9311638262877939
0.9276556375979843
0.9201908944568868
0.924318046612542
0.9432368945968646
0.9223014942609182
0.9362008328667413
0.9288607572788354
0.9214397571388577
0.9264024006159014
0.9342914508678611
0.9208295422732363
0.9258818589025757
0.9413165768477044
0.9265095709686451
0.9222839970604703
0.9202630704087346
0.919418830487122
0.919434140537514
0.9215906704927211
0.936281757418813
0.9218968715005599
0.9077722564389697
0.9236159714445689
0.9222861842105262
0.9152216895296753
0.9313628569428891
0.9356781040033595
0.9232397816349385
0.9265751854703248
0.9341099174132139
0.91945819918813
0.9274566069428891
0.9187320653695409
0.9402317504199327
0.9386482537793953
0.9374606312989922
0.9224436590145577
0.928965740481523
0.9185920877659575
0.9271416573348266
0.938941331886898
0.9301118071108623
0.9210876259798433
0.9228920247760358
0.9163655690089587
0.9224217875139978
0.9278021766517358
0.9351969309910415
0.9130629724244121
0.923346951987682
0.9099484707446808
0.9201121570548713
0.9263149146136618
0.9194057075867861
0.9331956886898096
0.9243617896136618
0.9237712590985442
0.9222993071108623
0.9265620625699887
0.9195194393896977
0.9248276525755879
0.9452600083986562
0.9376487262038073
0.9333400405935051
0.9341383503639419
0.9262405515117582
0.9220215390537514
0.9356431096024636
0.9501111072228443
0.9401027085666294
0.9295497095464725
0.9295037793952967
0.9259890292553191
0.9427907159854423
0.9376749720044794
0.9341755319148936
0.9307263962765958
0.9464629409294513
0.9317521696528556
0.9342542693169092
0.9373731452967525
0.9391534854423292
0.9423445373740202
0.9410409959406494
0.9293397431410975
0.9335500069988801
0.9440614501679732
0.9320846164613661
0.9403323593225084
0.9375043743001119
0.9335193868980964
0.93160781774916
0.9291057180851064
0.9286267322228443
0.9305186170212766
0.9377121535554311
0.9365179696248601
0.9297815474524077
0.9364042378219485
0.9299521451567748
0.9272881963885778
0.940686677631579
0.93897851343785
0.9419902190649497
0.9370691314389696
0.9321392952127661
0.9314590915453528
0.9307285834266519
0.9360367966125421
0.9352188024916014
0.9413231382978724
0.932828247480403
0.9265817469204927
0.9337512248040314
0.9384120415733482
0.9293397431410974
0.9340530515117581
0.9544788458846585
0.9370888157894737
0.9412203422452408
0.9356606068029116
0.9392409714445689
0.9327998145296753
0.9397265187569989
0.9467275860862262
0.9366317014277715
0.92870546962486
0.9358093330067189
0.9431166013437849
0.9333706606942888
0.9403979738241881
0.9326576497760359
0.9298231033034714
0.9288695058790593
0.9295715810470325
0.9246964235722284
0.9300658769596866
0.9290619750839866
0.8996760534639322
0.8741480461177431
0.8846138149168452
0.8835680032649729
0.8953474135292316
0.8904091419242934
0.866850321395776
0.9126543209876543
0.8785072951739619
0.8709570451994695
0.8800530558106316
0.8961789613304764
0.8963677175798389
0.8957504336292217
0.921477400265279
0.8934292419140905
0.8990511172329354
0.8755178043056832
0.9073155800428527
0.9062952759922457
0.9023518008366492
0.9186103458830731
0.9041781450872358
0.9149627589021527
0.8860626466687072
0.8965819814304662
0.9023518008366492
0.9036118763391491
0.9311498826650343
0.9105473931231507
0.9312774206713599
0.9161973268033874
0.9242730333639424
0.9199265381083563
0.8998826650341801
0.9390138761350882
0.9130956024895419
0.9153657790021428
0.912090602999694
0.9075298438934803
0.92363024181206
0.9122793592490562
0.9161106009590858
0.8985358636873789
0.9116620752984389
0.9009284766860525
0.9172431384552597
0.9162228344046526
0.9120650953984288
0.9211330476481991
0.9110932557902254
0.9160085705540251
0.8976277930823385
0.9019487807366595
0.9058667482909907
0.9052494643403735
0.9230563207835936
0.8968089990817263
0.9009284766860525
0.8951331496786042
0.9176461585552494
0.9213753698602184
0.9157943067033977
0.9276782981328435
0.9027905315784104
0.895372921130497
0.8809101112131416
0.8846138149168452
0.8809101112131416
0.8866799306193245
0.929099071523314
0.9230690745842262
0.9180746862565045
0.9151770227527803
0.9077441077441079
0.9081471278440976
0.9110447913478216
0.886248852157943
0.8887281910009183
0.9054305683093562
0.8872410978471584
0.9015687174778083
0.8848280787674727
0.9006376900316294
0.9070860116314663
0.909085807570656
0.9101469237832873
0.8840832568105296
0.8959085807570656
0.8783363942454853
0.8939878583817978
0.9383175186205489
0.9175313743495562
0.915712682379349
0.9058004285277013
0.9121671258034894
0.9106264666870727
0.8958422609937761
0.9326930925415773
0.9168452198755228
0.9073691460055097
0.9151999795939189
0.911730945821855
0.9137996122844607
0.9112590551984491
0.9301015202530354
0.9386771757983879
0.9113916947250281
0.9348612386491174
0.9243010917253341
0.9170339761248851
0.9103535353535354
0.9414779104173043
0.9365600448933782
0.9119911233547596
0.9126339149066423
0.9241505968778696
0.9201714110805019
0.920536169778594
0.9397382920110192
0.9077083971023365
0.9253622079379655
0.9226507499234772
0.9129196000408122
0.9169115396388122
0.9284180185695337
0.9315707580859096
0.9220028568513419
0.915717783899602
0.9170263238445057
0.9089710233649628
0.905410162228344
0.9110600959085807
0.919097541067238
0.9161106009590858
0.9266426895214774
0.917998163452709
0.9129144985205591
0.9124477094174065
0.910805019895929
0.9302009998979697
0.9180746862565046
0.8923477196204469
0.894452096724824
0.899920926436078
0.9008264462809917
0.9081981430466279
0.9415926946229978
0.9352617079889808
0.922127844097541
0.929627078869503
0.9317952249770431
0.9290684624017957
0.9243061932455873
0.9092796653402715
0.8830501989592898
0.8893174165901438
0.905690745842261
0.9039638812366086
0.9139705132129374
0.9208779716355475
0.9105346393225182
0.9010330578512397
0.9199392919089889
0.9089174574023059
0.921408529741863
0.9210055096418732
0.9251530456075912
0.9545352515049486
0.913396592184471
0.9104912764003673
0.9326114682175288
0.9151897765534129
0.9179292929292928
0.9270406081012142
0.9259157228854198
0.9182991531476381
0.9237169676563617
0.9333741454953576
0.9316447301295785
0.9240893786348333
0.9177532904805632
0.9328359351086623
0.9232476277930823
0.9370625446383022
0.9296678910315274
0.9259335782063055
0.9291704928068564
0.9296066727884911
0.932966023875115
0.9332313029282727
0.9367181920212223
0.941569737781859
0.93378991939598
0.9352132435465769
0.9395138251198857
0.9346214671972248
0.9294536271809
0.9261810019385777
0.9391465156616672
0.9370268339965311
0.9270559126619732
0.9272217120701969
0.933573104785226
0.9221559024589329
0.9318589939802061
0.9426563615957556
0.9218498112437508
0.9104581165187227
0.911810019385777
0.9360320375471891
0.9284741352923171
0.9300964187327824
0.9113177226813591
0.9258060401999797
0.9119885725946331
0.924699010305071
0.9272166105499439
0.915786654423018
0.9112692582389552
0.917712478318539
0.9260458116518723
0.9211304968880727
0.9322416079991838
0.9516605448423631
0.9377486991123355
0.9350652994592389
0.9352897663503723
0.9340705030098969
0.9355907560453015
0.9345959595959595
0.8861366187123764
0.9139628609325579
0.9131721252933374
0.9057239057239057
0.9036730945821855
0.9197479848995
0.9087389041934497
0.9262575247423732
0.9250178553208855
0.9346112641567187
0.9252040608101214
0.9089863279257219
0.9413503724109784
0.9079073563922049
0.9444342414039384
0.9464034282216099
0.9334073053770024
0.9464927048260382
0.9305351494745435
0.9255688195082136
0.9273543515967758
0.9288210386695235
0.9311294765840221
0.9331777369656158
0.9292011019283746
0.9279155188246098
0.927310988674625
0.9410315273951638
0.9550020406081012
0.9355575961636569
0.9276859504132231
0.9435312723191511
0.9355831037649219
0.93624375063769
0.9426232017141107
0.9560708091011121
0.9397076828895012
0.9325910621365167
0.9386363636363637
0.9476737067646159
0.9448270584634222
0.9207963473114987
0.9480741761044791
0.9272523211917152
0.9416335067850219
0.9259157228854199
0.9265534129170492
0.9379986736047343
0.9225844301601878
0.9290582593612897
0.9256096316702378
0.9104402611978369
0.911952861952862
0.9375267829813284
0.9200260177532905
0.9392868074686257
0.9371084583205795
0.9253009896949291
0.9273569023569023
0.9296882971125395
0.953463932251811
0.9357131925313744
0.9261656973778185
0.9404142434445466
0.8994311804917865
0.9229236812570145
0.9090347923681258
0.9330808080808082
0.9177583920008162
0.9274997449239873
0.950931027446179
0.9392204877053362
0.9420084685236201
0.943082338536884
0.9435618814406692
0.9413809815324967
0.9459519436792165
0.9358917457402307
0.8856672788490971
0.8930925415773899
0.8974135292317109
0.8678961330476481
0.8548566472808898
0.8827364554637281
0.9111876339149066
0.896921232527293
0.8812876237118662
0.8984593408835834
0.886868686868687
0.8889603101724315
0.8941383532292623
0.9346495255586165
0.9226788082848689
0.910213243546577
0.9118763391490663
0.9000969288848076
0.9013314967860422
0.898836853382308
0.9287878787878787
0.9160799918375675
0.9149627589021527
0.8942760942760943
0.9087644117947149
0.9097847158453218
0.9302571166207529
0.9321905927966534
0.917431894704622
0.9271451892664014
0.9197122742577288
0.9244362820120396
0.8984338332823182
0.9124681154984186
0.9327517600244873
0.9230129578614427
0.9289970411182533
0.9122538516477909
0.9354096520763188
0.927951229466381
0.9155800428527701
0.9337618610345884
0.9325119885725947
0.8914294459749006
0.9124681154984186
0.9209468421589633
0.9147484950515253
0.9108305274971943
0.9534970921334558
0.9013314967860422
0.9132996632996634
0.89223548617488
0.9132996632996634
0.9219926538108357
0.9180491786552392
0.9455106621773289
0.9114478114478115
0.9153657790021428
0.9093816957453321
0.8877002346699315
0.9050607080910111
0.9058667482909907
0.9421156004489339
0.9042699724517905
0.8937098255280073
0.8870574431180491
0.8872972145699419
0.897842056932966
0.8839710233649628
0.9275507601265178
0.9044179165391286
0.9114478114478115
0.9197122742577288
0.9126823793490461
0.9147484950515253
0.9194980104071013
0.9213830221405979
0.8849148046117743
0.891638608305275
0.9008698092031425
0.9038720538720538
0.8946102438526681
0.8829175594327109
0.925
0.9014029180695846
0.8952530354045505
0.909715845321906
0.9126976839098051
0.9236404448525661
0.9157228854198551
0.9463677175798388
0.9172609937761452
0.9142434445464749
0.922699214365881
0.9167406387103356
0.914993368023671
0.897388021630446
0.9401540659116416
0.9123431282522191
0.9165952453831241
0.9195439240893787
0.9128532802775227
0.9062723191511071
0.8970360167329864
0.9385037241097848
0.9261529435771859
0.9277854300581574
0.912317620650954
0.9091062136516683
0.9432863993470054
0.9264003673094583
0.9315299459238854
0.9427354351596776
0.9240179573512908
0.925221916131007
0.9186894194469952
0.9152586470768289
0.9223880216304459
0.9365319865319865
0.9094123048668504
0.9179930619324558
0.9417151311090705
0.9290378532802775
0.9328588919498011
0.9272064075094378
0.9392485460667278
0.912618610345883
0.9116442199775533
0.9191587593102745
0.9125293337414548
0.9186766656463626
0.9232374247525763
0.9479951025405571
0.8975640240791756
0.9127053361901846
0.8984695439240893
0.9215080093867972
0.9102795633098664
0.9214085297418629
0.9308897051321294
0.9014360779512295
0.9166998265483114
0.9114529129680644
0.9141363126211612
0.8961636567697175
0.9134093459851036
0.929828588919498
0.9259896949290889
0.9218013468013467
0.9187047240077544
0.9173094582185491
0.9145214774002653
0.9216814610754005
0.9123482297724721
0.9037751249872461
0.9261784511784512
0.9134246505458625
0.9083741454953577
0.890268850117335
0.9098969492908886
0.9446051423324151
0.9225079073563922
0.9346648301193756
0.9154525048464442
0.9141235588205285
0.9287343128252219
0.9276145291296807
0.9345576981940618
0.9298107335986124
0.9364809713294563
0.9292164064891338
0.938327721661055
0.9202810937659422
0.9110371390674421
0.9433323130292829
0.9425798387919602
0.9274920926436077
0.922826752372207
0.9439521477400266
0.9328078767472707
0.9328104275073971
0.9557774716865626
0.9396719722477298
0.9337491072339557
0.9430364248546067
0.9354071013161922
0.9321752882358942
0.9206713600652995
0.9515738189980614
0.9231022344658707
0.9340016324864809
0.9403989388837874
0.9299714314865831
0.9489031731455975
0.9283185389245996
0.9440822365064789
0.937164575043363
0.9511503928170595
0.9373992449750025
0.9317289052137537
0.9258723599632691
0.9429012345679012
0.9436205489235793
0.9397459442913989
0.9243827160493827
0.9332338536883991
0.9180364248546066
0.9274308744005715
0.9160493827160494
0.9358942965003572
0.9388072645648403
0.9264386287113561
0.9186435057647179
0.9250816243240485
0.9194878073665953
0.9005101520253036
0.9257983879195999
0.9394347515559638
0.9297826752372207
0.9313820018365473
0.9413070094888277
0.930774920926436
0.9282802775227017
0.932937965513723
0.9332159983675136
0.9317008468523619
0.928183348637894
0.9321344760738699
0.9283032343638404
0.9286526885011733
0.9117232935414754
0.9377691051933476
0.9112743597592082
0.9003367003367002
0.9115574941332518
0.9209723497602285
0.9069151107029894
0.9348663401693706
0.9197148250178553
0.9397433935312723
0.9263748597081931
0.9412891541679421
0.9290812162024283
0.9242602795633098
0.9290148964391389
0.9392026323844506
0.9470181614121007
0.93652943577186
0.94948729721457
0.9273926129986737
0.9305734108764412
0.9546780940720334
0.9188985817773697
0.927316090194878
0.9423094582185493
0.936376390164269
0.9310529537802265
0.9415799408223651
0.9437353331292726
0.9267396184062852
0.9293286399347005
0.9338996020814202
0.9454928068564433
0.9323436384042445
0.9346189164370984
0.9595627997143149
0.9276757473727172
0.9370370370370371
0.9487858381797775
0.9537980818283848
0.9474390368329763
0.9394755637179879
0.9552953780226507
0.9509080706050405
0.937741046831956
0.9380981532496684
0.9380751964085297
0.9447224772982349
0.941299357208448
0.9499158249158248
0.93242016120804
0.9304331190694827
0.9445745332108969
0.9416233037445159
0.9368916437098255
0.9223701663095601
0.9253851647791042
0.9450999897969595
0.9273824099581675
0.9296321803897563
0.9341699826548312
0.9118661361085604
0.9303463932251811
0.944870421385573
0.923408325681053
0.9392995612692583
0.9401846750331598
0.9245893276196305
0.9254106723803693
0.9216534027140089
0.934228650137741
0.9287776757473728
0.9361289664319967
0.9338179777573716
0.9260713192531373
0.9279563309866339
0.9356111621263137
0.8986388917092543
0.8699078304622015
0.8742088875351136
0.8806816258841844
0.8690137746640946
0.8727451179476765
0.8661623853521508
0.9074638147132815
0.8770715583082321
0.8772802653399667
0.8819254069787118
0.8626848749450027
0.8892019494364911
0.8898280705316953
0.9100162453040918
0.8702349928362721
0.8852167732764747
0.8741327376721832
0.8745727146580026
0.8686837919247301
0.8785240464344941
0.9005849437619161
0.8902708678828083
0.8884742951907131
0.8779402308186958
0.8820354012251667
0.8760364842454395
0.8968507801130402
0.9064230999199016
0.8797057794925598
0.8734389278099299
0.8899719091616746
0.8885081395742377
0.8976545842217485
0.8821453954716215
0.9033460813844609
0.873162532011146
0.8862067214945679
0.9046772938030934
0.8881443124513487
0.8712813483602397
0.887374352726165
0.9215938448347831
0.9058759490529213
0.8829491995803296
0.8849967847835651
0.8814515856093682
0.8878143297119843
0.893119436829458
0.895793143127898
0.8915823377443847
0.8820354012251667
0.8691237689105492
0.8700375672657124
0.8762564727383491
0.8616272379598605
0.9131045453007074
0.8777230626910797
0.8928994483365486
0.8822215453345517
0.8831691880732391
0.8952770162791485
0.875452668629641
0.8993834681467944
0.8681620243453932
0.874352726165093
0.8685399532947508
0.8862067214945679
0.8956408434020374
0.8798778217754765
0.9128760957119167
0.8968282171906906
0.90398348394084
0.9025197143534031
0.9050072765424579
0.8991183538091854
0.8942532236775308
0.9033178777315237
0.8753454947484799
0.876307239313636
0.8858090499881545
0.8694875960334383
0.9113389966268433
0.883516093004366
0.9073171557180086
0.8947806319874549
0.8836260872508207
0.895370088333841
0.9010108189212666
0.9025676605633961
0.873114585801153
0.8997867803837953
0.9037155492379374
0.8830648345573718
0.9053118759941788
0.9135473426518204
0.8958580115296534
0.9042316760866869
0.902480229239291
0.8845596281630397
0.8925976692501213
0.8955111065985266
0.880489841044212
0.8939458038605159
0.8900847237734232
0.8989491318915624
0.8916415654155527
0.8929868796606535
0.9008951839442245
0.9063074649428593
0.8963713180131091
0.8826530612244897
0.922614817071107
0.8974910030347131
0.8915569544567413
0.8928345799347931
0.9030245597409776
0.8917600207578886
0.9072551076815468
0.9090065545289425
0.8698824471745579
0.8962500423054794
0.8765582518247763
0.8887873557383152
0.8905105989327738
0.8959482632190522
0.9121625432926074
0.8848980719982853
0.8982694238557778
0.90217562978757
0.8869597590279893
0.8942080978328313
0.8991268149050665
0.9167258943378345
0.8959115984702339
0.8972258886971041
0.8859331460610779
0.8929953407565349
0.883643009442583
0.9120722916032085
0.899377827416207
0.8964672104330953
0.8893316862400019
0.8761098137430761
0.897885854175833
0.9070943468598053
0.8974881826694193
0.9249557202648888
0.9027876490563058
0.9016087363635338
0.9131045453007073
0.9056644216558929
0.9044742275019462
0.9085665775431234
0.8938245281528864
0.9114010446633048
0.8968366782865717
0.896608228697781
0.8935876174682145
0.9136545165329814
0.8755485610496271
0.9134909353459459
0.9029653320698097
0.9195688225538972
0.9178173757065013
0.9103603298699248
0.8980127706140499
0.9089388657618934
0.9278183910380071
0.8968451393824528
0.8999334393790683
0.9090488600083483
0.9182686341534956
0.9062990038469783
0.9125404722419648
0.9134176058483096
0.9125686758949019
0.9074863776356314
0.9227276316828555
0.9174168838347943
0.9040398912467141
0.9182911970758452
0.9125573944337271
0.9097652327929514
0.9055826310623754
0.901882311797024
0.9176707167112284
0.9294739454654166
0.9240419219097257
0.913756049683555
0.9103998149840368
0.9169402421001567
0.9154285263027266
0.8970961518935932
0.9023279295134307
0.8965715639489626
0.9000688169131668
0.9139252716011778
0.906076194988775
0.9110738822892341
0.9043444906984353
0.9096044719712097
0.9082337744384653
0.9139788585417583
0.9180937715052855
0.9045221737119391
0.9091109080448101
0.9046970363601494
0.909158854254803
0.9095678072223914
0.9067728252163221
0.9185986168928599
0.9112374634762694
0.9113361762615494
0.9017328324364571
0.8995526900644171
0.9094521722453494
0.8984809512528061
0.90056520120486
0.9123148430184678
0.8976940693358603
0.917202536072472
0.9058251824776344
0.9106508274951772
0.9250910977989869
0.9206236391737458
0.9160856714161618
0.9200285420967724
0.920936699721348
0.9170699789036676
0.9179414717794249
0.9105408332487225
0.9126617479495944
0.9094324296882932
0.907373563023883
0.9132004377206937
0.9073227964485959
0.9139450141582338
0.9227755778928487
0.9052921334371228
0.8900085739104928
0.9003564941731252
0.9158487607314899
0.9057744159023476
0.9222481695829243
0.9196900982615267
0.9232578603580737
0.9021305039428706
0.9381352872824088
0.9203839081237801
0.9218194740582801
0.9064089980934331
0.9136911812817996
0.9050495820218635
0.9190470549745603
0.9219407497659098
0.9123627892284609
0.9106874922439956
0.9215317967983214
0.9195631818233098
0.9181163344276351
0.9286532191649463
0.9265661488475987
0.9195180559786105
0.9030245597409776
0.9318881781568348
0.9165933371690301
0.9180853104094042
0.9253505714060087
0.9333350255525096
0.9338173080177343
0.922301756523505
0.932043298247989
0.9205587707719904
0.9192501212757076
0.9103180243905191
0.9193996006362745
0.920640561365508
0.9291834478401643
0.9083071039361019
0.9186493834681467
0.9216305095836013
0.9173520154330389
0.9046349883236877
0.9132878690447986
0.8959736465066956
0.9185196466646359
0.92191818684356
0.9053034148982977
0.9254013379812954
0.9058364639388092
0.9135078575377082
0.9147713811892916
0.9090714229306979
0.9124643223790345
0.9229955663857583
0.9081801874978848
0.9253590325018897
0.9039129748084971
0.9131355693189382
0.9133894021953723
0.9291326812648776
0.9226317392628693
0.9283852844620435
0.9291890885707517
0.919188073239246
0.9230040274816395
0.9226599429158064
0.9107269773581074
0.89080391692332
0.8952770162791485
0.8777540867093107
0.8679899820624767
0.8806816258841844
0.8716113310996039
0.9144639613722769
0.8812626211346895
0.8818154127322569
0.8828392053338747
0.870147561512167
0.8715013368531492
0.8737689105492944
0.9301169887523832
0.8792065748355727
0.8709513656208753
0.8775002538328764
0.8948031949098048
0.8939232409381663
0.8733289335634752
0.9144075540664027
0.9088965602824879
0.8890581108065115
0.8813415913629133
0.887374352726165
0.8907418688868582
0.8837191593055133
0.9237909093985854
0.9007767286018885
0.8892780992994214
0.8708075269908959
0.8867905371103665
0.8851829288929502
0.8966307916201307
0.9232127345133743
0.8951895849550433
0.897874572714658
0.887120519849731
0.9027735472298372
0.892679459843639
0.8975445899752936
0.9238896221838653
0.9004382847666429
0.8870105256032762
0.8922056384742951
0.8817815683487326
0.8839391477984229
0.895970826141402
0.9315666565133516
0.8948144763709796
0.8975445899752936
0.8829153551968052
0.8909957017632923
0.8999221579178935
0.8995921751785291
0.9140916731535067
0.8898421723581638
0.8858767387552036
0.8661962297356753
0.8918756557349308
0.8881443124513487
0.8744627204115476
0.9293808734107241
0.8927415078801006
0.897324601482384
0.8742088875351136
0.8822553897180763
0.8881443124513487
0.885656750262294
0.9362794869191458
0.9145344705046198
0.9087386198260399
0.9077148272244221
0.911556164754459
0.9052272650353674
0.9098724066741124
0.896410803127221
0.9098977899617557
0.8938414503446486
0.8858908405816721
0.8801908823230785
0.8817308017734456
0.888604031994224
0.9233988786227592
0.8944591103439716
0.8597037488295485
0.8927217653230446
0.8821453954716214
0.9059605600117326
0.8918192484290566
0.9295613767895217
0.9037127288726435
0.8980889204769802
0.8931871255965073
0.8804531762953938
0.9033799257679854
0.8963854198395778
0.9338257691136156
0.8891878476100225
0.8968394986518654
0.904062454169064
0.8991860425762345
0.8981848128969664
0.8885307024965874
0.92229047506233
0.8873348676120532
0.9053457203777033
0.9144216558928713
0.8901862569239968
0.8814459448787806
0.9048916415654156
0.9332673367854603
0.8938442707099423
0.9052836723412416
0.9028891822068795
0.9024407441251789
0.9027707268645435
0.9198170146997438
0.9311153980663576
0.9063525907875587
0.896489773355445
0.9124643223790345
0.9024238219334169
0.9097229273135455
0.9029455895127536
0.9156090296815245
0.9017553953588069
0.8842268250583816
0.9055431459482631
0.9004749495154611
0.8977617581029094
0.8969043670536208
0.9315187103033584
0.9062679798287474
0.8969692354553762
0.8976968897011541
0.8942504033122369
0.8846160354689139
0.8989801559097934
0.9142608950711296
0.8986388917092542
0.8912918401191323
0.887504089529676
0.9021417854040455
0.8718341399578072
0.8976038176464616
0.9360397558691802
0.9077402105120655
0.9077994381832334
0.9085299127943052
0.9065415552622376
0.9067248790063288
0.9135332408253517
0.9243521620920342
0.915907988402658
0.9025197143534031
0.9053570018388782
0.9117479495944314
0.8944816732663214
0.899160659288591
0.9128140476754549
0.917292787761871
0.9081322412878916
0.9165200076713936
0.9072240836633161
0.908078654347311
0.9166807684931353
0.9174338060265564
0.9108144086822125
0.9016171974594149
0.9151041842939498
0.9206969686713823
0.919030132782798
0.9122584357125934
0.9184858022811115
0.9025676605633962
0.9062341354452228
0.9018992339887861
0.9114405297774167
0.9283599011744
0.9272007310386841
0.934852382080527
0.9057490326147043
0.9120553694114462
0.9148052255728163
0.9036929863155877
0.9257454225471283
0.9160997732426304
0.9282668291197076
0.9068292325221963
0.9104731444816734
0.9070012748051127
0.9074835572703377
0.92684818537697
0.922820703737548
0.9144949853905078
0.9264110287564445
0.9160828510508682
0.9075907311514987
0.9165030854796312
0.9147008720569489
0.9124163761690414
0.9206913279407949
0.9214161618212791
0.905780056632935
0.920572872598459
0.8983681366410576
0.9115053981791721
0.9153044302298033
0.9292624180683884
0.9090742432959917
0.8911000552791598
0.9079489175438002
0.9084001759907943
0.9175607224647737
0.9136996423776808
0.9134881149806523
0.901106711341253
0.9135388815559391
0.9041893706072811
0.9003903385566498
0.8997811396532079
0.8965800250448438
0.9341134463735742
0.9168076849313522
0.9124389390913911
0.9269158741440193
0.9181247955235162
0.9118748660326486
0.9189624440157489
0.9056164754458997
0.9189201385363432
0.9215317967983212
0.9161702823749732
0.924933157342539
0.9230519736916325
0.9193375525998126
0.9125884184519579
0.9184434968017057
0.9268707482993197
0.9160602881285185
0.9221409957017632
0.9177919924188581
0.9103687909658058
0.9200793086720591
0.9144413984499273
0.8987827303392337
0.9063751537099084
0.9312366737739872
0.9173266321453954
0.914523189043445
0.9267410114958088
0.930040838889453
0.9312902607145678
0.9224709784411278
0.9203246804526122
0.9206292799043334
0.9236019449239066
0.9419004749495157
0.9086032422919416
0.9165961575343238
0.9296149637301023
0.9148926568969213
0.9329909409866766
0.9323535384302976
0.9265887117699485
0.9218702406335668
0.9277958281156575
0.9132286413736308
0.924276012229104
0.9391647206146141
0.9265041008111371
0.930432869665279
0.9183758080346566
0.924168838347943
0.9160038808226442
0.9252067327760292
0.9081858282284722
0.9172758655701087
0.9291496034566398
0.9138970679482407
0.9130086528807211
0.9087301587301586
0.9232635010886611
0.9215938448347831
0.9285657878408411
0.9266761430940536
0.915307250595097
0.926721268938753
0.9260218183459121
0.9141847452081994
0.9229447998104714
0.9247385521372727
0.9136065703229883
0.9200172606355974
0.9113305355309619
0.9238614185309281
0.9158713236538397
0.9036760641238253
0.9141762841123182
0.9360171929468304
0.9300775036382712
0.923449645198046
0.9238473167044595
0.9292990828172065
0.9312366737739872
0.9264533342358502
0.9604854616020869
0.9255686517783293
0.9316512375135203
0.9239851752879049
0.9267202710440925
0.9294991092447669
0.9217455621301774
0.9570695743462492
0.9437750524909334
0.9309322707895908
0.9451859451549278
0.928600400839855
0.9359992364955144
0.9317387224024941
0.9661250556722021
0.9300606031685437
0.9394922695170834
0.9334438824203092
0.9332641407393268
0.9372089139148693
0.9406144620474646
0.962731437297194
0.9403273525481962
0.9348770439651333
0.9411974295348986
0.9342940764776992
0.9417366545778456
0.9380591079722593
0.9514116879811667
0.9321658077241204
0.9426305910797226
0.9382825920977286
0.9420038811478018
0.9354600114525673
0.9409302029649423
0.9546772602914041
0.9413016160844945
0.9323216898899281
0.9387780746961888
0.9446029776674937
0.9374761404848253
0.928828656868359
0.9625349939555895
0.9441886174206273
0.9354162690080805
0.9341143347967169
0.9441122669720684
0.9406582044919514
0.935280269771585
0.9581774511675255
0.9348364827893364
0.9403909779219953
0.9360429789400012
0.9320982057644589
0.9360429789400012
0.9372089139148693
0.954141216517147
0.9454881656804734
0.9369854297894
0.9277064643379779
0.9428103327607049
0.9311557549150602
0.9411536870904117
0.9644970414201183
0.9385792454030667
0.9194136921804416
0.9272547241840046
0.9293631100082713
0.9273032385315263
0.9336673665457784
0.9609817395177196
0.9292525609212955
0.9309807851371128
0.9315637526245466
0.9334438824203092
0.9302618184131832
0.9284254310619076
0.955181491378762
0.9212071324044029
0.9457657313736718
0.9443548387096774
0.9445815041038366
0.9414543169816123
0.9367547878093784
0.9626049818667686
0.9410606349812305
0.9386897944900426
0.9465642298148502
0.9423275752370044
0.9439842209072979
0.9375230641980021
0.971194407329643
0.9464839027804288
0.9397618820385569
0.9397706305274544
0.9438983266526692
0.9436581408665777
0.9398302793153911
0.9594944964051664
0.939659286123306
0.9474533944136923
0.9436446204746454
0.9381807914996501
0.9423912006108036
0.9513114780174332
0.9601212063370872
0.9476172297512249
0.950102595915251
0.9462914360246865
0.9501018005980785
0.9439794490042629
0.9501296366991158
0.9649233314245722
0.9485382070369663
0.9455661067633773
0.951293185722466
0.9465682064007126
0.944171915760005
0.9433877330279314
0.965554813259528
0.9507340777502068
0.9513218171406755
0.9391972068460903
0.9362752115543679
0.948768849016988
0.9450404021123625
0.9567379270853217
0.943422726983521
0.9506664757905452
0.9392862823694089
0.9407146720111981
0.9395137430807406
0.9405635617484253
0.9653814341159255
0.9458054972322963
0.9442959852389133
0.9420086530508367
0.9431936756378444
0.9430831265508685
0.9440915887255837
0.9599804351975567
0.9386603677546606
0.9395471464019851
0.9381354584208182
0.9447691989565438
0.943251733791436
0.9491585544315074
0.9613746262009291
0.9417970986829547
0.9399758223579564
0.9344563211808868
0.9400132022650634
0.9358457402812242
0.9387033148819749
0.9550136794553669
0.9550383342877139
0.9488793981039638
0.9470716421708978
0.9497136858179042
0.9476991474199911
0.9509694916332633
0.9584462683718267
0.9536664121651715
0.9504803715721831
0.947363523573201
0.9528973404593752
0.9518491124260356
0.9534811032639816
0.9531637717121588
0.955754915060126
0.953496214290259
0.9519445504867341
0.9560157790927022
0.9520447604504676
0.9501463383597379
0.9560006680664249
0.9574433734173189
0.9450873258255392
0.963491760514093
0.9631982884774447
0.9458691226060953
0.9510816313545842
0.9596782146720111
0.9553477126678118
0.9569288032067189
0.9592948717948717
0.9534667875548768
0.9475583762804606
0.9513743080740599
0.9656327543424319
0.9560849716867086
0.9466183113825793
0.9567920086530508
0.9436470064261628
0.946440160335942
0.9515309855570401
0.9652032830692878
0.952322326143666
0.9564428644143285
0.952319144874976
0.9457864096201565
0.9472307056053955
0.9572159127059872
0.9678143093465674
0.9582498250302219
0.9552721575364255
0.9530309537443533
0.9504763949863206
0.9557644588661959
0.9504970732328053
0.9655357256473882
0.9443325698288476
0.9514745180377935
0.9521879175415154
0.9520558948908825
0.9522594960870396
0.9394047846281096
0.9616148119870205
0.9471607176942164
0.9564675192466756
0.9420213781255965
0.9523390278042885
0.9534341795508049
0.9505933066106763
0.9690223961315773
0.9510712922313418
0.9468075968696317
0.9441910033721448
0.9458039065979513
0.9481882674810714
0.9460361392123179
0.9596917350639436
0.9474223770439653
0.9562193802888592
0.9619122606095311
0.9523931093720175
0.9518316154482407
0.9582100591715977
0.9655906025322898
0.9508804161099447
0.9493247757205574
0.9690748870649615
0.9624149010625437
0.9568731310046446
0.9579245403066743
0.9607701851498378
0.9584422917859642
0.9570902525927341
0.9615726601768786
0.957264427053509
0.9539909015715468
0.9652056690208056
0.9648048291658714
0.9689818349557804
0.9562678946363811
0.9593203219443913
0.9516240376662214
0.9641280142520838
0.9506585226188206
0.9706981294140105
0.9609300439015079
0.9525458102691353
0.9581408665775911
0.9627433670547815
0.9616537825284723
0.9521799643697907
0.9653535980148883
0.9485246866450341
0.9578275116116307
0.9627043965133295
0.955512343322517
0.9568969905198194
0.9566695298084877
0.9561422345231279
0.9547750843036202
0.9574433734173188
0.9497280015270089
0.9562146083858243
0.9535391614175733
0.9664296621492652
0.9595271044092384
0.963765349621429
0.9591334224088567
0.9492722847871731
0.9533451040274862
0.9669577527517975
0.9605578354647832
0.965620029267672
0.9587214481135076
0.958324584844436
0.9526826048228033
0.9660049627791564
0.956818254119743
0.9622773111917033
0.9694160781319591
0.9639776993064835
0.956224152191894
0.9522539288668321
0.950380956925622
0.955134567665585
0.9499172870140613
0.9681427753388052
0.9541762104727365
0.9546772602914043
0.9541165616847999
0.9605268180950564
0.9562798243939683
0.9541849589616339
0.9595119933829612
0.9324314436597314
0.9273469809760132
0.9328609149328752
0.9312480117070687
0.917261563911688
0.9385983330152065
0.9697930584717186
0.9353112871413118
0.9377918814023033
0.9242524018578608
0.9450499459184323
0.934653559839664
0.9281096901444296
0.9665799770948653
0.9337341731882676
0.9392687853916142
0.9403909779219953
0.9405707196029777
0.9250151110262771
0.9351442705350893
0.9663986447795381
0.9474541897308647
0.9424508493987402
0.9374323980403385
0.939001558821658
0.9398517528790482
0.9319184640834764
0.9674397149583255
0.9408562384679011
0.939628268753579
0.9438840109435642
0.9475615575491506
0.9424508493987402
0.946308137685309
0.9649193548387097
0.9394970414201184
0.9475615575491506
0.9503403957498251
0.9402549786854998
0.9414646561048547
0.9393125278361011
0.9692975758732582
0.9478303747534517
0.9377918814023033
0.9543289113698544
0.9471145892982121
0.9453219443914233
0.9414209136603678
0.9671160208691225
0.9370601896036139
0.9394485270725965
0.9368056881084176
0.9450062034739455
0.9429900744416874
0.9428103327607049
0.9700769867022969
0.9342662403766622
0.9440200101800598
0.9401189794490042
0.9371166571228606
0.9368931729973913
0.9416006553413502
0.9682994528217854
0.9416881402303238
0.9342503340332124
0.935280269771585
0.9375198829293122
0.9301695616211745
0.9382825920977286
0.9699401921486287
0.9416006553413502
0.9465316218107782
0.9455891709613794
0.9481445250365845
0.9455454285168927
0.947158331742699
0.9636858179041801
0.9417183622828784
0.9403599605522682
0.9398779983457403
0.9415974740726603
0.9365583444677739
0.9344618884010943
0.9663541070178787
0.9482216708023159
0.9440303493033022
0.9433789845390341
0.9307374180823313
0.9396576954889609
0.9342829420372845
0.9705144111471655
0.9399965006044411
0.943629509448368
0.95187933447859
0.9421621492651269
0.9483202901317045
0.9505519501177069
0.9722394540942928
0.9489255264999682
0.952781224152192
0.9466350130432017
0.9419649106063499
0.9473181904943692
0.9495188331106444
0.96096265190558
0.959521537189031
0.9619878157409175
0.950758732582554
0.9544991092447668
0.9499880702424126
0.9461355538588789
0.9605777183940956
0.9488221352675447
0.949275466055863
0.948593083921868
0.953009480180696
0.950408793026659
0.9551926258191766
0.969347680855125
0.9576875357892727
0.9481532735254818
0.9471153846153846
0.9499801170706876
0.9574266717566966
0.9545356938347013
0.9693731310046445
0.9451923076923078
0.9491458293567473
0.942878730037539
0.9494408920277407
0.9492921677164854
0.9449767767385634
0.974005058217217
0.9487155627664312
0.9408769167143857
0.9469181459566075
0.9448224852071007
0.9511404848253484
0.9351697206846089
0.9673864287077687
0.938832156263918
0.9390238277024878
0.9441925940064899
0.9372971941210155
0.9410956289368199
0.9423235986511421
0.971774193548387
0.953155818540434
0.9507141948208947
0.9503308519437552
0.952716008144048
0.9506593179359929
0.9549039256855634
0.969481294140103
0.9340642298148502
0.9466898899281033
0.9438768530890119
0.9491251511102629
0.9469157600050901
0.9529323344149647
0.9635689062798244
0.9570679837119043
0.9522038238849653
0.958733377871095
0.961505058217217
0.9459637653496213
0.9525187694852706
0.9758478081058726
0.9481874721638989
0.9512454666921168
0.9537204937329007
0.9556626582681172
0.9619846344722275
0.9570441241967297
0.9727587962079278
0.9480252274607113
0.9594634790354393
0.9515317808742128
0.9583890055354075
0.955510752688172
0.9590204873703634
0.9703505758096328
0.9577392314054846
0.9477603868422727
0.956841318317745
0.9634798307565057
0.9571172933765986
0.9520765731373673
0.9736129668511803
0.9549826620856398
0.9631131895399886
0.9678151046637399
0.9545189921740791
0.9561191703251256
0.9518602468664504
0.9647865368709041
0.9594245084939874
0.9612028376916714
0.9502990392568557
0.9582681173251892
0.9575571037729846
0.9576278870013362
0.9711498695679838
0.9588383597378636
0.9562997073232805
0.9492110453648914
0.9496436979067252
0.9516502831329133
0.9560460011452567
0.9700563084558121
0.950202010561812
0.9618168225488325
0.9534731500922567
0.9614207545969333
0.9603359419736591
0.9499220589170961
0.9725392886683208
0.957474390787046
0.9549142648088058
0.9542223388687407
0.9626805369981549
0.9554113380416112
0.9583985493414774
0.9733592606731565
0.9615973150092257
0.9626304320162881
0.961505058217217
0.9575388114780176
0.9618017115225551
0.9586116943437044
0.971365400521728
0.9512398994719093
0.9539574982503022
0.9579340841127442
0.949799580072533
0.9592296557867277
0.9576891264236178
0.973252688172043
0.9626479289940828
0.9609554940510276
0.9609165235095756
0.9595127887001336
0.9550081122351594
0.955541770057899
0.9705907615957243
0.9541547369090793
0.9616919577527518
0.9586920213781255
0.9597585417064325
0.9604297894000127
0.9710496596042503
0.9738897372272063
0.9556729973913598
0.9637263790799772
0.9645399885474326
0.9591493287523065
0.9606580454285168
0.9671327225297449
0.9731015779092702
0.9654649424190367
0.9612084049118788
0.9656963797162309
0.9681427753388051
0.9685062352866324
0.9624999999999998
0.9703601196157028
0.9618836291913215
0.9586800916205382
0.9644159190685245
0.9637725074759815
0.9693254119742953
0.956940732964306
0.9760903798434816
0.9653822294330978
0.9681459566074951
0.9583349239676783
0.9699123560475919
0.961016733473309
0.9632969078068334
0.9721432207164218
0.9630042310873577
0.9602914042119997
0.9618796526054592
0.9608974358974359
0.9574425781001462
0.9572604504676466
0.9712174715276451
0.9664574982503022
0.9635068715403702
0.9570775275179741
0.9606365718648597
0.9648135776547687
0.9638671502195075
0.9648501622447031
0.9662109499268308
0.9648278933638735
0.9586713431316408
0.9625413564929695
0.9514991728701407
0.965343258891646
0.9735032130813768
0.9673434815804544
0.9659826938983267
0.9673156454794172
0.9670364891518737
0.9657703442132722
0.965442673538207
0.8967234697933228
0.8899294515103339
0.8872998523733817
0.9154287559618441
0.9110159266409266
0.8754400408812174
0.8784741937315467
0.9194778418124007
0.900731745400863
0.8987905973200092
0.9004442993413583
0.8879421701112878
0.8947450601862368
0.9101890756302522
0.918274826822621
0.902623211446741
0.9037534777424483
0.9168074324324325
0.9211279951169657
0.9031111600045424
0.9087181325232794
0.9077120713150123
0.9172066630706337
0.8973196542130365
0.9034784521916874
0.9244371735180559
0.9113849931864638
0.9226912048603225
0.9196960878946172
0.9269922496025438
0.9120273109243697
0.9178188167158756
0.916347873608903
0.9131309618441972
0.9028343600953894
0.8881728367022486
0.9190200573472632
0.9116600187372246
0.9024670679082444
0.9031111600045424
0.9058685129457189
0.9138655462184874
0.9282857568703157
0.910112778219396
0.9256330910742675
0.9217720872132636
0.9202088774699069
0.9037534777424483
0.9034784521916874
0.9208281285487168
0.9048056722689075
0.9149691971383148
0.9091776913468089
0.8900572053145582
0.9221393794004088
0.9246217067908244
0.9294018282988871
0.920579718373836
0.9004442993413583
0.9246217067908244
0.9024670679082444
0.920301144106291
0.8986060640472406
0.9184132267771972
0.9255319526459233
0.8982387718600953
0.9000770071542129
0.9039380110152169
0.9162556069725186
0.9088103991596639
0.9129269106291165
0.9114790341812401
0.9081663070633659
0.9197493186463775
0.9157960481489892
0.9187379343629344
0.9113832188280718
0.9164898222802635
0.9076641636384284
0.8857401913468089
0.9035245855098796
0.8972646491028844
0.8936041477401772
0.9020980013627072
0.9077369123325006
0.9191016778332955
0.9152300278219395
0.9277924852373381
0.9085761838519192
0.9174284578696343
0.909882111628435
0.9268573983647512
0.9230726919146037
0.9339725755166932
0.9199338519191461
0.9203295338405633
0.9099690551896434
0.9059217436974789
0.9100932602770837
0.9296307205314558
0.9223753690665456
0.9258726294571883
0.924146178741767
0.9036381444469679
0.907563025210084
0.9202514620713151
0.9301257665228253
0.91142580342948
0.91535423290938
0.9290380848285259
0.9188142317737906
0.9273577674312969
0.9274713263683851
0.9263179934135817
0.9125542953667954
0.931637519872814
0.9251646604587781
0.9210410515557576
0.9146817510788098
0.9294515103338633
0.9316144532137178
0.9311247302975245
0.9337596525096525
0.9171818220531456
0.9339725755166932
0.9281562287076992
0.922843799682035
0.9207234414035885
0.9265539830797185
0.9261476550079492
0.920544231205996
0.9334846269588916
0.9268946598909834
0.9087199068816716
0.9159131558028618
0.9169688990461049
0.9373509538950715
0.9261423319327731
0.9325690580286168
0.9152903560072677
0.9051126362707245
0.9263605780149898
0.9179412474449239
0.9143801101521689
0.9195133289802407
0.9078398251192368
0.9064788922325687
0.9060867590279355
0.9195168776970248
0.913095474676357
0.9199764365205542
0.9193625085169201
0.9259311832841246
0.9318256018623664
0.9145451254826256
0.9269035316829434
0.92967862820804
0.9094172297297297
0.932609868271633
0.9047719594594594
0.9288091925959573
0.912447833863275
0.9134645412218941
0.9247636554621849
0.928697408017261
0.9319320633658867
0.9199995031796503
0.9372586872586872
0.9341056523960936
0.9419678344310699
0.943690736429707
0.9383126561435384
0.9333426782875313
0.9287914490120373
0.9197475442879854
0.9126554337951397
0.9310732739041563
0.936896718146718
0.9254858193277311
0.9412740602997955
0.9359776004996595
0.9370812514194867
0.9223097178060413
0.9239421275266864
0.9316872019077902
0.9396416505791506
0.9220896973654327
0.9367405746082216
0.9399574863729276
0.9219743640699523
0.9094580399727458
0.9278829775153306
0.9272779213036566
0.9432134340222575
0.9366784720645015
0.925450332159891
0.9218962923007041
0.9415277935498523
0.9269159521916874
0.9393506558028617
0.9404720503066092
0.9368026771519419
0.9242047325687031
0.9156434533272768
0.9262133062684533
0.9349804110833522
0.9285146491028844
0.9263800959573019
0.9186367959345901
0.9297744435612083
0.9151093714512832
0.9431814955712015
0.9364016721553485
0.9290877668635021
0.9427627469906882
0.932251447876448
0.917948344878492
0.9018353963206903
0.9371770667726549
0.9198699750170338
0.9065392204178969
0.9268822393822393
0.9310750482625483
0.9285252952532363
0.9219956563706563
0.9249996451283217
0.931932063365887
0.9300476947535771
0.9306917868498751
0.9284259311832841
0.9207802208721326
0.9219708153531684
0.9284578696343402
0.924506373495344
0.9221056665909607
0.9399503889393594
0.9268857880990233
0.9206400465591642
0.9180033499886441
0.9417495883488531
0.9403744605950488
0.937194810356575
0.9319941659096072
0.9378211588689529
0.9321609555984556
0.9110443163751988
0.9214402821939587
0.932322422212128
0.9439675363388598
0.9399823273904157
0.9380589228934817
0.9474186634113105
0.9314778276175335
0.9336230269134681
0.9446790540540542
0.9406885220304337
0.9371486770383829
0.935908400522371
0.9464392175789235
0.9516859953440835
0.9468189302748127
0.9423102856007267
0.937514194867136
0.9422872189416306
0.9403230042016806
0.939796019759255
0.9318326992959346
0.9374095077220077
0.9402058965478083
0.9395263172836702
0.9456851152623212
0.9484637605042017
0.9420121933908698
0.927760546786282
0.9331812116738587
0.9381103792868498
0.9375869435612082
0.9484708579377696
0.9378105127186009
0.9333533244378832
0.9303582074721781
0.9282502697024756
0.9333533244378832
0.944682602770838
0.9262292754939814
0.94787822223484
0.9441857824210764
0.9203561492164432
0.9368896207131503
0.9273276033386328
0.9298507409720644
0.9380660203270497
0.9430182545991368
0.941080655235067
0.9257910089711561
0.9430093828071769
0.9332007296161707
0.9484140784692255
0.9373704718373836
0.9384687996820349
0.9449398847376789
0.9233211020894845
0.9322461248012718
0.9301097972972973
0.9385468714512832
0.9338980524642289
0.9382452305246423
0.938497189416307
0.9207216670451964
0.9118250340676811
0.8963082699295934
0.8982387718600953
0.8901494719509427
0.895479644560527
0.9018247501703383
0.9275671417215535
0.894250014194867
0.9188302009993187
0.9052244208494209
0.9022825346354758
0.914417371678401
0.9110159266409266
0.9543351124233477
0.9081787275721098
0.9120273109243697
0.9168074324324325
0.9146001305927777
0.9216798205768794
0.9089931580740404
0.9253012860549625
0.9226149074494663
0.9179110833522599
0.9239776146945266
0.9191974931864638
0.9095449835339542
0.9264599420849421
0.9370617334771747
0.9353725442879854
0.9249889989779697
0.9077067482398364
0.9139578128548717
0.9187379343629344
0.9320669146036793
0.9431868186463775
0.917314898932546
0.9273790597320009
0.9315150891437656
0.9077067482398364
0.9043053032023621
0.9167151657960481
0.933608832046332
0.9162556069725186
0.9282059107426754
0.9239776146945266
0.9225989382239382
0.9268272342720872
0.9322514478764479
0.9255798603225074
0.9146551357029298
0.9104641011810131
0.8937336759027935
0.9212202617533499
0.9139578128548717
0.9164401402452872
0.9310466585282761
0.9191744265273677
0.9072471894163071
0.9134982540313421
0.9005365659777425
0.9211279951169657
0.9065126050420169
0.9256916449012037
0.9176750936861231
0.9086258658868953
0.9133137207585738
0.9177265500794913
0.896216003293209
0.9052244208494209
0.9181062627753804
0.9033861855553033
0.9004442993413583
0.9066953639563933
0.9073394560526913
0.9106486344537815
0.9124868697478992
0.9184416165114695
0.9062251589825119
0.9171339143765613
0.9042307801498978
0.901650863047922
0.9217153077447195
0.9185551754485578
0.9148272484669544
0.9135443873495345
0.919575431523961
0.9331545962979787
0.9328369861458097
0.9136135873268227
0.9255532449466273
0.9296520128321601
0.9195168776970247
0.921216713036566
0.9241692454008631
0.9080917840109017
0.9271058085396321
0.9321378889393594
0.9292456847603905
0.9159025096525096
0.916670806836248
0.924827532364297
0.9235695122643652
0.9237363019532138
0.9432631160572338
0.9228012150806268
0.9164827248466955
0.9263179934135816
0.9237132352941176
0.9173787758346582
0.9273027623211447
0.9270241880535999
0.9234754712695888
0.923475471269589
0.9358782364297069
0.929020341244606
0.9492089910288439
0.9118214853508971
0.935205754599137
0.9389407790143084
0.9234985379286851
0.9289671104928457
0.9378956819214171
0.9219796871451283
0.9291782591414944
0.9343416420622304
0.933621252555076
0.9182357909379968
0.9193021803315921
0.8967039518510106
0.9298791307063365
0.923168507267772
0.9193767033840563
0.9359687287076993
0.9116830853963207
0.9197883545310016
0.9346982880990233
0.9223682716329775
0.934545693277311
0.9350229956847603
0.9109059164206224
0.9343256728367023
0.9234949892119011
0.9187095446286623
0.9012640529184648
0.9188053599818307
0.9007335197592551
0.921277041221894
0.9107941318419258
0.9099193731546672
0.9055296104928459
0.9137821513740632
0.9157924994322054
0.9019383091074267
0.9273613161480807
0.9196215648421531
0.9071194356120826
0.9242969992050875
0.9345084317510788
0.9252125681353622
0.9263588036565978
0.9181311037928686
0.9199498211446742
0.9092735066999773
0.9399450658641835
0.9177141295707472
0.937531938451056
0.9341925959573018
0.9308000227117874
0.9360858363615716
0.9392211276402453
0.9440846439927322
0.937808738360209
0.936231333749716
0.9347373239836475
0.9419429934135817
0.9380074665001136
0.945001987281399
0.9279929877356348
0.9276789263002498
0.9297158897342721
0.9361089030206677
0.933278801385419
0.948289873381785
0.9379134255053373
0.9279983108108109
0.9259932858278447
0.9361727799227799
0.9483590733590732
0.9476315864183511
0.9230265585964116
0.9388520610947082
0.9341766267317738
0.9463824381103793
0.9404294657052009
0.9305604843288667
0.9430998750851692
0.9191158727004315
0.9195523648648648
0.9455307460822167
0.9353388314785372
0.9489907449466272
0.9214207642516467
0.940456081081081
0.9507384879627527
0.9262204037020214
0.9365773336361571
0.9357274159663865
0.9376206563706564
0.9372870769929593
0.9383978253463547
0.9287399926186691
0.9367458976833977
0.9195701084487851
0.9457525408812173
0.9386480098796275
0.9211971950942539
0.9259666704519646
0.9249410913013855
0.9290647002044061
0.9428674341358165
0.9199622416534181
0.9196570520099931
0.9287577362025892
0.9194476777197365
0.929989140926641
0.9250652963888258
0.9206400465591642
0.9224907023620259
0.9205034209629798
0.9223806921417216
0.928699182375653
0.9193802521008403
0.9289511412673177
0.9179909294799
0.916016068589598
0.9220701794231206
0.9340932318873495
0.9224055331592097
0.9256313167158755
0.9443117618669089
0.9377146973654326
0.9489800987962752
0.9419146036793096
0.9377679281171927
0.935198657165569
0.9320740120372474
0.9434778134226663
0.9422588292073586
0.9333568731546673
0.931000525210084
0.9405749630933454
0.9324661452418805
0.9406619066545536
0.9398332812854872
0.9443756387690212
0.9516061492164434
0.95184213888258
0.9473973711106064
0.9418045934590052
0.9452574948898478
0.9412953526004998
0.9539092664092663
0.944650664319782
0.9538471638655462
0.9306900124914831
0.931004073926868
0.9512743441971383
0.9480042016806722
0.9393329122189416
0.9430235776743129
0.9390685328185328
0.9572982909379969
0.9380997331364977
0.9347337752668635
0.9387331790824438
0.9409369322053145
0.9248559220985691
0.9443295054508289
0.9538684561662502
0.9414461730638201
0.9414514961389961
0.936832841244606
0.9438681722689076
0.9429046956620486
0.9393825942539178
0.9437918748580514
0.9294532846922553
0.9340364524188054
0.9555097376788555
0.9266515727912786
0.9503605496252555
0.930356433113786
0.9312542584601408
0.9369818873495345
0.9293237565296388
0.9555984555984556
0.9324200119236883
0.9346894163070634
0.9343451907790143
0.935567723711106
0.9287754797865091
0.9273151828298888
0.9279078185328186
0.9337951396774926
0.9370528616852146
0.9311495713150125
0.9288251618214853
0.9511818495514148
0.9015096618357489
0.9057367149758453
0.9278467908902691
0.9118788819875777
0.9289337474120083
0.8993098688750862
0.9474292615596962
0.9267145445134577
0.9135783298826777
0.9232660455486543
0.9163647342995169
0.9247757073844031
0.9211870255348517
0.9482185990338163
0.9241308661145619
0.9167443064182195
0.9226017943409248
0.9202898550724637
0.9192460317460317
0.9304951690821256
0.9502587991718427
0.9220540027605244
0.9181590752242926
0.8970410628019323
0.9226017943409248
0.9232660455486543
0.9103174603174603
0.9573089199447895
0.9234579882677709
0.9312974465148378
0.9113095238095238
0.9189182194616977
0.9193409247757074
0.9113095238095238
0.9511840062111802
0.9292766563146998
0.9186335403726708
0.9197204968944099
0.9313923395445135
0.9231711525189786
0.9192460317460317
0.9535304520358868
0.9121182712215321
0.9102225672877847
0.9222739820565907
0.9110248447204968
0.9236887508626639
0.9218944099378882
0.952178226363009
0.9111262077294686
0.9037957211870257
0.9180210489993099
0.9272342995169082
0.9269496204278813
0.9012422360248448
0.9518180641821947
0.924381038647343
0.9059696342305038
0.9208074534161491
0.9214717046238785
0.9228864734299518
0.9289337474120083
0.9520854899930986
0.9116977225672879
0.9164596273291926
0.9110248447204968
0.9198153899240856
0.9097998619737749
0.9209972394755004
0.9468965665976535
0.9210554692891649
0.9201432022084196
0.9265700483091787
0.9279416839199448
0.9289337474120083
0.9256728778467909
0.9461654589371982
0.9389794685990338
0.9257030710835059
0.9388004658385093
0.9377091959972395
0.9410520186335403
0.9211999654934436
0.9631168046928916
0.9314613526570048
0.9275189786059352
0.928713768115942
0.9322075569358178
0.9323455831608005
0.9355848861283645
0.953610248447205
0.9426630434782608
0.9321148205659074
0.9249374568668046
0.9294384057971015
0.9207794168391995
0.9318409247757073
0.9577035886818495
0.9286037784679089
0.9062090234644583
0.9306935817805383
0.926990596963423
0.9217305037957212
0.9185947204968945
0.9480676328502415
0.9263586956521739
0.921353088336784
0.9352376639061422
0.925776397515528
0.9212840752242926
0.9264902518978606
0.944696773636991
0.9194875776397515
0.9230568495514148
0.92624439268461
0.923889320220842
0.9345626293995859
0.9227657004830917
0.9468793133195306
0.9245492581090408
0.9311033471359558
0.9234299516908212
0.9310559006211181
0.9302471532091097
0.9223688750862664
0.9483932884748103
0.9230201863354037
0.9216183574879226
0.93203933747412
0.9309135610766045
0.9267490510697032
0.9201626121463077
0.9485291580400277
0.9230935127674258
0.9264061421670119
0.9300314872325741
0.9330680641821946
0.9261063664596273
0.9250431331953072
0.9549646307798481
0.9405926501035197
0.937256297446515
0.9318279848171153
0.9355180296756384
0.9399197722567288
0.9240489130434781
0.9586395790200137
0.9308165113871636
0.9298826777087646
0.9321018806073154
0.939453933747412
0.9395790200138027
0.9417637163561077
0.9556159420289855
0.9557086783988958
0.9473451518288474
0.9566036922015183
0.93300983436853
0.9361714975845411
0.9414100241545894
0.939296497584541
0.9413043478260871
0.9357229123533471
0.9347071256038647
0.9384791235334714
0.934562629399586
0.9419513457556936
0.9469483264320222
0.9374374568668047
0.9444487577639753
0.9437499999999999
0.9404459972394754
0.9278554175293305
0.9392619910282952
0.9653618875086265
0.9405387336093856
0.9413237577639751
0.9387638026224983
0.9385093167701863
0.9299926673567978
0.9360377846790889
0.9485205314009661
0.9434286576949621
0.926777087646653
0.9451777087646652
0.9360679779158041
0.9328480848861285
0.9309308143547274
0.951632591442374
0.9507397342995169
0.9336913388543824
0.9277518978605935
0.9391455314009662
0.9463530883367839
0.9466679606625259
0.9539596273291925
0.9248404071773637
0.9397235162180814
0.93476966873706
0.9259661835748791
0.9281767598343686
0.9389277087646654
0.9506469979296067
0.9390398550724638
0.9318883712905452
0.9393698240165633
0.9321967736369908
0.9400513285024155
0.935625862663906
0.9630973947550034
0.9432496549344376
0.9366179261559696
0.9331629572118703
0.9447248102139407
0.9375517598343686
0.9419362491373361
0.9583484299516909
0.9482940821256038
0.9410412353347136
0.9306030020703934
0.9451971187025535
0.9423869910282954
0.9305447722567288
0.9611197377501726
0.9463121118012423
0.9392425810904073
0.9424883540372672
0.9387357660455486
0.9434955141476881
0.945807453416149
0.9517339544513459
0.9450892857142856
0.9410261387163561
0.947196342305038
0.9513328157349896
0.9472524154589372
0.9464717046238785
0.9494565217391304
0.9425703071083505
0.952292529330573
0.950692287784679
0.9588250517598343
0.9500948930296758
0.9514880952380951
0.95254917184265
0.9517964975845412
0.9486952208419599
0.950321342305038
0.9549085576259488
0.9427751897860592
0.944951259489303
0.9543090062111801
0.9410369220151829
0.9461546756383714
0.9462409420289855
0.9456047273982056
0.9583290200138027
0.9405063837129054
0.9473214285714285
0.9444811076604556
0.9535024154589371
0.9413388543823327
0.9502027260179433
0.9462064354727397
0.9442934782608695
0.952251552795031
0.9423266045548653
0.9471316425120773
0.9546432884748102
0.9499223602484472
0.9508410973084885
0.951401828847481
0.9661080917874396
0.9408536059351277
0.9420613354037267
0.9494543650793652
0.9429153726708075
0.951020100069013
0.9482423222912354
0.9509446169772258
0.9473084886128363
0.9519453071083506
0.953543391994479
0.9494392684610076
0.9518611973775017
0.9435278640441684
0.962269237405107
0.9380197550034506
0.9401526915113871
0.9583894064872325
0.9480676328502415
0.9479015700483092
0.9480395962732918
0.9501337129054521
0.9340773809523809
0.956042960662526
0.9478239302967565
0.9380197550034506
0.9483415286404417
0.9419362491373361
0.9622541407867495
0.9509726535541754
0.950698757763975
0.9519560904071774
0.9486887508626639
0.9500452898550724
0.9530344202898551
0.9599529848171152
0.9183294513457557
0.9154675638371291
0.9136732229123532
0.9151828847481022
0.9180210489993099
0.91438060731539
0.9481668391994479
0.9188664596273293
0.9176414768806073
0.9077208419599723
0.9109817115251897
0.9107919254658384
0.9127760524499655
0.9616890959282265
0.9396846963423051
0.9209023464458247
0.9156573498964803
0.9117322291235335
0.9223688750862663
0.9303053830227743
0.9579020013802622
0.93692417184265
0.9232660455486543
0.931012767425811
0.915752242926156
0.9203329882677709
0.9268547273982056
0.9565001725327813
0.929593685300207
0.91438060731539
0.9169772256728778
0.9146652864044168
0.9181590752242926
0.917736369910283
0.9587064354727397
0.9281853864734301
0.9135783298826777
0.9345583160800551
0.9269496204278813
0.9147601794340924
0.9184437543133196
0.9580659075224294
0.9114108868184955
0.9196256038647344
0.9199102829537612
0.9179261559696342
0.9147084195997239
0.9065821256038648
0.9552277432712216
0.9333872498274672
0.9166494133885438
0.9190131124913735
0.9181159420289856
0.9182108350586611
0.91438060731539
0.95664466873706
0.9417184265010353
0.9174516908212561
0.9201000690131126
0.9223688750862663
0.9199102829537612
0.9010093167701863
0.9571471704623878
0.9252933057280883
0.9212819185645271
0.9145703933747412
0.9231711525189786
0.9362577639751553
0.9209023464458247
0.9635416666666666
0.9291235334713596
0.9311076604554865
0.9279416839199448
0.9305383022774326
0.9312974465148378
0.928743961352657
0.9587280020703934
0.9306590752242927
0.9348063319530711
0.9169233091787441
0.9337495686680469
0.9339932712215322
0.9234364216701173
0.9574771394064872
0.9350349378881987
0.9261042097998621
0.9263673222912354
0.9340967908902691
0.9135697032436162
0.9373382505175983
0.9541601966873706
0.936693409247757
0.9137336093857833
0.9207988267770877
0.9320458074534163
0.9152324879227054
0.9306784851621808
0.9568215148378192
0.9292335231193928
0.9191425120772947
0.9302730331262941
0.9322420634920634
0.9271048999309868
0.9368033988957902
0.9607660455486542
0.9281896997929608
0.9304930124223604
0.9267080745341615
0.9337776052449964
0.9329343512767427
0.9186529503105589
0.9604360766045549
0.9186033471359559
0.9377350759144238
0.9224616114561767
0.9290006038647344
0.9278122843340235
0.929332729468599
0.9482509489302967
0.9203825914423741
0.9186356970324362
0.9298546411318149
0.9258281573498964
0.9208958764665287
0.919228778467909
0.9581758971704624
0.9362340407177363
0.9202747584541062
0.9274607487922705
0.9251229296066253
0.9254162353347136
0.9206823671497584
0.9594418564527261
0.9315864389233954
0.9265484817115252
0.9241545893719806
0.9332060904071775
0.9288259144237406
0.9216614906832298
0.9654934437543133
0.9373706004140786
0.9224335748792271
0.9321018806073154
0.9394970669427191
0.9227506038647343
0.9359838681849552
0.9632483609385784
0.9384704968944099
0.9363397170462388
0.9369435817805383
0.9394927536231883
0.9324469461697723
0.9393676673567978
0.9477484472049689
0.9511236197377502
0.9434286576949621
0.9347373188405796
0.9424538474810213
0.9343944099378882
0.9415502070393375
0.9585468426501036
0.938403640441684
0.9481021394064872
0.9394604037267081
0.9382505175983438
0.9451173222912354
0.9388716356107661
0.9496894409937889
0.9375560731538993
0.9280646135265701
0.9360248447204969
0.9353713768115943
0.9394905969634231
0.9372519841269841
0.9629787784679088
0.9404524672187716
0.9436141304347826
0.9322679434092478
0.9468728433402347
0.948828933747412
0.9381211180124224
0.9591722739820567
0.9390937715665977
0.9355029330572808
0.9419836956521738
0.943107315389924
0.9363332470669428
0.9361240510697032
0.9472394755003452
0.9360270013802623
0.9360787612146309
0.9369867149758454
0.9237814872325741
0.9327035886818494
0.9249654934437542
0.9488612836438926
0.9240381297446515
0.9275728951000689
0.9363763802622498
0.9333699965493443
0.9444185645272601
0.9170699620427882
0.9531163733609386
0.9325245859213248
0.9352829537612147
0.9434027777777778
0.936208160800552
0.9281530365769496
0.9404373706004141
0.9621635610766044
0.9314268461007591
0.9357574189095929
0.9424969806763285
0.9434739475500344
0.9402346445824707
0.946171928916494
0.9585101794340924
0.9307173050379572
0.9378989820565908
0.9346877156659766
0.9377566425120772
0.938731452726018
0.9323002933057281
0.9644064872325743
0.9430706521739131
0.9493120255348516
0.9420095755693582
0.9453480848861283
0.944412094547964
0.9497821773636991
0.9452833850931677
0.9471273291925465
0.9428269496204279
0.9423718944099378
0.9553614561766735
0.9504399585921325
0.9486003278122843
0.9613677536231884
0.9457017770876468
0.9481970324361628
0.9494500517598343
0.948173309178744
0.9454321946169771
0.9549344375431332
0.9564721359558315
0.9468879399585921
0.945041839199448
0.9472955486542441
0.9507354209799861
0.9446212905452036
0.9549387508626639
0.954641131815045
0.9498792270531402
0.942251121463078
0.9495406314699792
0.9394086438923395
0.9553269496204279
0.9456306073153901
0.9644215838509316
0.9381146480331264
0.9464307280883367
0.9505111283643893
0.9502782091097308
0.9508346273291925
0.9399974120082817
0.9609170117322292
0.9609515182884749
0.9535477053140096
0.9456478605935128
0.9486736542443065
0.9440972222222221
0.944890873015873
0.9488742236024845
0.9385308833678399
0.9542097998619737
0.9424991373360938
0.9586697722567288
0.9451432022084195
0.9390678916494135
0.9661490683229814
0.9458052967563838
0.9515010351966874
0.9511451863354037
0.94114044168392
0.9537525879917185
0.9505715148378191
0.9576345755693582
0.9534312456866805
0.9426048136645964
0.9569379744651485
0.9570177708764667
0.9509554002760523
0.9500043133195307
0.950642684610076
0.9452294685990338
0.9559070910973085
0.9477527605244996
0.9467326604554864
0.9519431504485852
0.9495578847481021
0.962111801242236
0.9478649068322982
0.9541731366459627
0.9554606625258798
0.953416149068323
0.9580076777087647
0.9584692028985506
