0.6735802775794082
0.6784899245505636
0.6664971900518522
0.6551293197131058
0.6619562517465147
0.6636173813146211
0.6762854348433571
0.6679021641258112
0.6706034402459092
0.6556765609960566
0.6696409165709317
0.6756101158133325
0.6549469059521222
0.6778922283975534
0.6412658738783494
0.6660004036389604
0.6648399416275965
0.6556765609960566
0.705254292545099
0.7042684820070171
0.6879676778340112
0.6695632936939175
0.664110286583662
0.6757925295743161
0.7029178439469681
0.6861241345049214
0.6786218834414879
0.688953488372093
0.6380949793523147
0.7234879063557611
0.6663186574347193
0.66860077001894
0.6584515788493185
0.6642927003446457
0.6815793150557332
0.645694259012016
0.6950313596423138
0.6657714161517683
0.6791147887105289
0.7175031825379575
0.6759206073213898
0.6579586735802775
0.6460823733970876
0.6803761604620113
0.7108586642655325
0.6726526841990872
0.6997236625578289
0.6735104169900953
0.6860697984910114
0.657939267861024
0.6730407985841587
0.6819984785916106
0.6867994535349458
0.6861241345049214
0.6831123668767659
0.6909251094482565
0.6211615487316422
0.6706538951159686
0.7078934703635855
0.6706422516844165
0.6939989753780234
0.6422322786971777
0.6954621666097431
0.6723499549787313
0.6771975036482751
0.6763203651380134
0.6916741702114447
0.7068106312292358
0.7095856490824977
0.6729398888440401
0.6721985903685535
0.6891980004346882
0.7133620020492439
0.6716241810786475
0.6902187412674263
0.6792389853137517
0.6951012202316267
0.6597129506008012
0.6755868289502283
0.6939291147887106
0.6879016983885491
0.6930015214083896
0.6967041326419723
0.6822895643804141
0.6667805135529543
0.6786024777222343
0.6951827242524917
0.6866830192194244
0.6866869003632751
0.6680535287359891
0.7010083211724158
0.5957711056602601
0.7067873443661316
0.6911929083739559
0.725688514919117
0.6874941782842239
0.690769863694228
0.669419691371441
0.6454846772440774
0.697076722451641
0.700829788555283
0.6715387959139317
0.7278541931878163
0.702673331884373
0.6943599217561399
0.6665631694973142
0.6801200049678641
0.6970340298692831
0.6845677958207843
0.6909522774552117
0.6896326885459683
0.6990250566647003
0.6465131803645171
0.6949188064706431
0.7313821529481169
0.676312602850312
0.7137772844412705
0.7064535659949701
0.6930675008538516
0.6586611606172572
0.7168783183779923
0.6864850808830378
0.7012605955227125
0.7090306455118452
0.7087512031545938
0.7114059055484833
0.6876183748874468
0.6885614928431707
0.7089569037786817
0.7129971745272766
0.7153646722762133
0.7229329027851088
0.7106335579221909
0.6653056788896824
0.6869430558574223
0.6899509423417269
0.6922679852206042
0.6960598627627534
0.6951555562455367
0.6972164436302668
0.6222327444344398
0.7102454435371193
0.6885964231378271
0.7040433756636756
0.7162185239233707
0.718671406837023
0.6696991337286925
0.6433888595646908
0.7157527866612848
0.695656223802279
0.6893920576272239
0.7064846151457758
0.717689477442792
0.7029217250908187
0.6117381314621045
0.6949537367652995
0.6971194150339988
0.6753656037507374
0.7296705685099513
0.7041753345545999
0.6957959449809049
0.6576326574968174
0.6892212872977923
0.6838691899276556
0.6965838171825999
0.7046682398236409
0.6933508243549539
0.6994403390567269
0.6215186139659081
0.7116969913372869
0.670374452758717
0.696215108516782
0.6752103579967088
0.6837139441736269
0.682743658210948
0.6240258328934705
0.6786218834414879
0.7035776384015897
0.715803241531344
0.6950352407861645
0.7027431924736859
0.7077886794796162
0.674441891514267
0.6975657465768311
0.6865665849039029
0.7087706088738472
0.696805042382091
0.7229251404974073
0.6953767814450275
0.6634039184028316
0.7020639922998106
0.7028324587822523
0.7034379172229639
0.7094963827739311
0.7165173719998759
0.7092751575744403
0.6312408793119508
0.6769529915856802
0.6906689539541093
0.6790604526966189
0.6759361318967927
0.7108237339708758
0.6815715527680317
0.6452906200515416
0.7187684354332908
0.7042917688701213
0.6908203185642873
0.6793942310677803
0.7112118483559475
0.6891514267084795
0.6302046139038099
0.6461522339864005
0.6944569503524078
0.6867761666718415
0.7267829974850188
0.6847812587325737
0.686729592945633
0.6681544384761077
0.6934284472319683
0.7099504766044649
0.7134473872139597
0.7061857670692706
0.7119803148383892
0.7106257956344894
0.618844505852765
0.6892562175924488
0.6906417859471544
0.695233179122551
0.6510036637997951
0.6691480113018909
0.665953829912752
0.6336743565063496
0.6679953115782284
0.6863958145744714
0.6943754463315429
0.6935720495544447
0.6951051013754773
0.6615914242245475
0.6293429999689508
0.6842146117303691
0.6749347967833079
0.6645488558387929
0.70027090384078
0.6923494892414692
0.6580673456080977
0.6318230508895581
0.6664506163256435
0.6648127736206415
0.6602951221784084
0.6707548048560872
0.6752996243052753
0.6625034930294658
0.6236415996522495
0.7035388269630825
0.6451586611606173
0.6743875555003571
0.648302387679697
0.6555678889682367
0.66860077001894
0.5999045238612724
0.7160050610115813
0.6761146645139255
0.6769064178594715
0.6857593069829541
0.6676149594808582
0.6551293197131058
0.6607453348650916
0.6368801813270408
0.6477202161020896
0.7106762505045486
0.6708091408699972
0.6537049399198932
0.6714844599000217
0.6458689104852982
0.6769879218803366
0.6805624553668457
0.6711196323780544
0.6633068898065638
0.6690199335548173
0.6606599497003757
0.641941192908374
0.6992928555903997
0.6566778961095414
0.6545626727109014
0.65070481572329
0.6867063060825286
0.7057239109510355
0.6396396746048996
0.6749153910640544
0.6844164312106065
0.6931295991554631
0.6956251746514733
0.7008608377060888
0.6712088986866209
0.6246235290464806
0.6680884590306455
0.6907116465364672
0.6964712640109293
0.6981595615859906
0.702960536529326
0.6867063060825287
0.632506132207284
0.6749503213587109
0.6745971372682958
0.6825107895799051
0.6790177601142608
0.6895511845251032
0.6769918030241874
0.6071661440059615
0.6782027199056107
0.6808302542925451
0.6981207501474834
0.6886235911447822
0.6979965535442606
0.6918953954109356
0.6186504486602291
0.7048933461669824
0.6789013257987394
0.6930015214083894
0.7031934051603688
0.6952098922594467
0.6656549818362467
0.6249417828422391
0.6647196261682243
0.6911075232092402
0.7052698171205019
0.6736423758810197
0.7059955910205855
0.692706554475735
0.639961809544509
0.6797784643090011
0.6765415903375044
0.6864385071568292
0.6797435340143447
0.6722335206632098
0.6675140497407396
0.6471380445244822
0.6707315179929829
0.7199017294376999
0.6870245598782871
0.685444934331046
0.699354953892011
0.6700018629490484
0.6306587077343435
0.7197658894029249
0.6884605831030521
0.7070784301549352
0.6690160524109667
0.6658179898779768
0.7178369609091191
0.631279690750458
0.6679060452696619
0.6984622908063465
0.6823516626820257
0.6998633837364547
0.6966536777719129
0.6964091657093179
0.6426126307945477
0.6726371596236843
0.6907465768311236
0.6941658645636043
0.6890893284068681
0.695629055795324
0.6825806501692179
0.635222932902785
0.687272953084733
0.6879016983885492
0.6897103114229826
0.6707586859999379
0.6680030738659299
0.704707051262148
0.5997143478125874
0.7058248206911542
0.6668115627037601
0.6954117117396841
0.6812455366845717
0.6779465644114634
0.7094304033284691
0.5930504238209084
0.6732193312012915
0.6839274070854162
0.6914995187381625
0.6869314124258702
0.6998633837364547
0.6917750799515633
0.6379125655913311
0.6664816654764493
0.6738441953612568
0.6847579718694694
0.6794679728009438
0.6928191076474057
0.6913365106964324
0.6231254075201043
0.7047419815568045
0.7003485267177942
0.6741391622939112
0.6954776911851461
0.7050679976402645
0.7047924364268638
0.6244333529977955
0.6337325736641103
0.6834189772409724
0.6926987921880337
0.6874980594280746
0.6686046511627908
0.7257079206383705
0.6183904120222312
0.6911618592231503
0.6963703542708107
0.6994209333374732
0.6978684757971868
0.6953302077188188
0.7025180861303443
0.6292964262427423
0.6948722327444344
0.6908513677150929
0.6887012140217965
0.7049049895985344
0.6998517403049027
0.7026888564597757
0.6387664172384886
0.6807021765454715
0.7132610923091254
0.6759244884652406
0.6896132828267147
0.6933585866426554
0.6586689229049586
0.6186814978110349
0.6681738441953613
0.6990250566647003
0.7006046822119416
0.6898151023069519
0.6747485018784738
0.6759477753283447
0.6096656006458223
0.6973949762473997
0.6685231471419257
0.690005278355637
0.6869158878504673
0.6904516098984692
0.7073229422175303
0.6361582885708076
0.6955863632129662
0.7051068090787715
0.6903933927407085
0.6994170521936225
0.6984390039432421
0.6936807215822647
0.6556224451876627
0.6929825343738387
0.6647803790412486
0.6904526198439243
0.6716878483835006
0.6741137123745821
0.6656767001114827
0.6223114083983649
0.6827959866220736
0.6653377926421405
0.7105953177257525
0.6856767001114827
0.6887803790412487
0.688561872909699
0.6295503530286138
0.6977094017094017
0.6838840579710145
0.6816767001114826
0.6669877369007804
0.6852396878483835
0.6879821627647714
0.6486480862133037
0.7069639539204756
0.6942564102564103
0.7068138238573022
0.6965841694537347
0.703273132664437
0.7038305462653289
0.6192002972872538
0.6650523968784838
0.6869713861018208
0.6614358974358975
0.6693377926421404
0.6930434782608695
0.7015785953177257
0.629654403567447
0.6835600148643627
0.6989684132292828
0.6758082497212932
0.6978952062430324
0.701917502787068
0.6720044593088071
0.6138342623560015
0.6912627276105536
0.6652396878483835
0.6794470457079153
0.6766064659977703
0.6987692307692308
0.6828896321070234
0.6469951690821256
0.7174002229654404
0.7086064659977703
0.7011415830546266
0.7047045707915273
0.7069342251950947
0.7046064659977703
0.647340022296544
0.6748197696023783
0.7243091787439614
0.7010018580453364
0.7004251207729468
0.6863381642512077
0.6908599033816425
0.622476402824229
0.6828167967298403
0.6804340393905611
0.6968695652173913
0.685484949832776
0.6909357116313638
0.7043820141211447
0.6580616871051653
0.7206109253065774
0.7061033073206986
0.7027038275733928
0.6895800817539949
0.6889840208101077
0.72717502787068
0.6451534745447789
0.7140914158305464
0.7174091415830546
0.7228301746562616
0.7137004830917875
0.7218431809736157
0.7216008918617615
0.638781122259383
0.6693600891861762
0.6968621330360462
0.6850449646971387
0.6978253437383872
0.6770449646971386
0.7005366034931252
0.6491475287997027
0.6886302489780751
0.6689275362318841
0.6816395392047565
0.6828911185432924
0.7069728725380899
0.710611668524712
0.6251846897064288
0.7144689706428837
0.6871616499442585
0.7034678558156819
0.7018342623560014
0.6924102564102563
0.6882378298030473
0.6496306205871423
0.7277770345596433
0.7193608324043106
0.7226696395392047
0.7131133407655148
0.7180720921590487
0.7251638795986621
0.6047982162764772
0.7192002972872538
0.7301062801932368
0.7254938684503902
0.6727075436640654
0.7211950947603121
0.6833221850613155
0.6320074321813453
0.7211772575250837
0.7387558528428093
0.713358602749907
0.711105165366035
0.7003730955035302
0.7201724266072093
0.6391007060572277
0.7157443329617243
0.7027276105536975
0.7173838721664808
0.7071304347826087
0.7162749907097734
0.7300735785953177
0.6427573392790784
0.7241218877740616
0.7227008547008547
0.7255711631363806
0.7203790412486065
0.7216811594202898
0.7299576365663323
0.6367120029728726
0.7204236343366779
0.6989030100334448
0.7114515050167223
0.7117710888145672
0.691503530286139
0.7144184318097362
0.640101077666295
0.7079524340393906
0.6760371609067262
0.711934596804162
0.7064882943143812
0.6923894463024898
0.6934611668524713
0.6331073950204387
0.6957428465254553
0.7159836492010405
0.7083507989594946
0.7034173169825343
0.6887030843552583
0.7126451133407654
0.6497064288368637
0.7233206986250464
0.7223857302118173
0.73844370122631
0.7241456707543663
0.7197279821627649
0.726877740616871
0.6388361204013379
0.6705209959123002
0.6896603493125232
0.7054269788182832
0.7172931995540691
0.6870858416945372
0.7276848755109626
0.6706488294314381
0.6943708658491268
0.7125187662578967
0.7246822742474917
0.7321872909698997
0.7091267186919361
0.7252515793385359
0.6585165366034931
0.7317116313638053
0.7228940914158305
0.7156744704570792
0.7276001486436269
0.7094210330732069
0.7175146785581568
0.6500914158305463
0.7271319212188777
0.7429000371609067
0.7421583054626534
0.7375102192493497
0.7392552954292085
0.739038275733928
0.6337108881456708
0.677056856187291
0.6655161649944259
0.6988405797101449
0.7135146785581568
0.7053259011519881
0.7162378298030472
0.6374106280193237
0.690908955778521
0.6951467855815683
0.702277220364177
0.7109297658862876
0.7030769230769229
0.7140899293942772
0.6308272017837235
0.6868539576365663
0.6657941285767373
0.7111958379784467
0.7255354886659233
0.6937391304347826
0.7035362318840579
0.6534968413229283
0.7287357859531772
0.7404221479004088
0.7336217019695281
0.7380126347082869
0.7393474544778892
0.7334492753623189
0.6443285024154589
0.6692604979561501
0.7070159791898923
0.6877859531772575
0.662015607580825
0.6730434782608696
0.6806599777034559
0.6456960237829804
0.721358602749907
0.6830694908955778
0.6982564102564103
0.7080713489409142
0.6905730211817168
0.6875674470457079
0.6574150873281307
0.7265328874024526
0.7149565217391304
0.7016989966555185
0.6806064659977702
0.6963656633221851
0.6855027870680045
0.6659695280564846
0.7261583054626534
0.7072954292084727
0.7050657748049052
0.7065195094760313
0.711732441471572
0.7144972129319955
0.6434886659234486
0.6754232627276104
0.674812337421033
0.6991527313266443
0.6982564102564103
0.6889007803790412
0.6725841694537347
0.6190694908955778
0.6680118914901523
0.6888041620215533
0.6707692307692309
0.663469342251951
0.6742341137123745
0.7043656633221851
0.6593013749535488
0.6653749535488666
0.6941285767372725
0.6633489409141582
0.6892619843924191
0.6747692307692308
0.6905730211817168
0.6658580453363062
0.731939056112969
0.7092842809364548
0.706180602006689
0.705721293199554
0.707076923076923
0.7068361204013378
0.6248576737272388
0.7078974358974359
0.6993206986250464
0.6962452619843924
0.7116150130063174
0.6816588628762541
0.6973942772203642
0.6147454477889261
0.7221285767372725
0.6986339650687476
0.7181999256781866
0.7027543664065403
0.7123686361947231
0.7025343738387217
0.6653021181716834
0.7202185061315496
0.712297287253809
0.7001322928279451
0.701288740245262
0.7342311408398365
0.7026116685247121
0.6692292827945001
0.7270709773318468
0.7223649201040505
0.7109698996655519
0.7203790412486064
0.726711259754738
0.7187276105536975
0.6320564845782237
0.6887699739873652
0.680891861761427
0.7088353771832033
0.7026384243775549
0.6808799702712746
0.6920118914901523
0.6257227796358231
0.6930613154960981
0.7026176142697882
0.6846406540319584
0.6965797101449276
0.6960847268673356
0.7005886287625418
0.6191036789297659
0.70694165737644
0.6844459308807134
0.7032597547380155
0.6794648829431438
0.7008710516536604
0.6832166480862133
0.6692292827945001
0.7315332590115198
0.7267246376811595
0.7110947603121517
0.7220691192865106
0.705951690821256
0.7253838721664808
0.6161159420289855
0.6672686733556299
0.7097376439985135
0.674804905239688
0.721884801189149
0.7195600148643626
0.7051519881085099
0.6471304347826088
0.7350516536603493
0.718020066889632
0.7038364920104051
0.7154470457079153
0.6992538089929394
0.714778149386845
0.6746012634708287
0.7381122259383128
0.7185522110739503
0.6953251579338535
0.7290702341137124
0.7196313638052767
0.7230932738758826
0.6644637681159419
0.7505046451133408
0.7240104050538833
0.7312478632478633
0.7291549609810479
0.7354500185804534
0.7236566332218506
0.6255562987736901
0.6910590858416945
0.7239806763285025
0.696761055369751
0.717259011519881
0.7115481233742104
0.7036596060943887
0.6529810479375697
0.6987959866220735
0.6919123002601264
0.7003552582683018
0.7125648457822371
0.7338803418803419
0.7197205499814195
0.6442274247491638
0.6753296172426607
0.7021226309921962
0.7194232627276106
0.7235778520995912
0.6946934225195093
0.6987811222593832
0.6660230397621701
0.7453734671125976
0.7292738758825715
0.7380304719435155
0.739670011148272
0.7321337792642141
0.737422519509476
0.6374983277591972
0.6757904124860646
0.7236417688591601
0.6825299145299145
0.711539204756596
0.7022801932367151
0.7094908955778522
0.6598513563730956
0.6992716462281678
0.7221137123745819
0.7210390189520623
0.7047774061687105
0.7350784095131921
0.7048160535117056
0.6572441471571908
0.7100824972129319
0.735897435897436
0.7171698253437384
0.7230338164251208
0.7364236343366777
0.7321337792642141
0.6671289483463395
0.7501672240802676
0.7374180602006688
0.7351185432924563
0.7317146042363434
0.7332991452991453
0.741746562616128
0.6277339279078409
0.6901583054626532
0.7299769602378299
0.6984853214418432
0.7232671869193608
0.7154797473058343
0.7328190263842438
0.6554574507617985
0.6861137123745819
0.6853481976960237
0.6755273132664437
0.6915763656633223
0.7184184318097362
0.70052917131178
0.6526644370122633
0.6686882199925679
0.728230397621702
0.7097926421404682
0.707310293571163
0.7187632850241548
0.7195169082125604
0.6656633221850612
0.7479108138238573
0.7352954292084727
0.7417837235228539
0.7292010405053884
0.7403076923076923
0.7336335934596803
0.6164073759851172
0.6674980323210434
0.6502616757469513
0.6534048512230275
0.5888010957671903
0.6534074066502439
0.6534201837863254
0.6020279870388732
0.6231971460988849
0.6457717901278737
0.6538622726947492
0.6215667835348714
0.6427896065664258
0.6197115433758216
0.637274994633603
0.6475401457615684
0.6643139700095062
0.6644800727785672
0.6437121157915181
0.650179902076029
0.6437146712187344
0.6340883768948493
0.691388721366438
0.6710935184144086
0.6635601189806911
0.6704904375913565
0.6640252067340617
0.6492573928509368
0.635578190961965
0.6280856783637088
0.6486619783095338
0.661717655957723
0.6349521112939661
0.6280141264016518
0.642347517658002
0.6104685631343848
0.652758328137298
0.6246460733305395
0.6492650591325858
0.6317220512925351
0.6215591172532223
0.6104711185616011
0.6128604430088622
0.6445681839089858
0.6436814506649222
0.6511024113011213
0.6446448467254755
0.66218529913831
0.6317194958653188
0.6292024000572415
0.6683004364669686
0.6603351698336928
0.6529423188968732
0.6723303451871084
0.6423347405219205
0.670025349837986
0.5783519538796497
0.6469242878024348
0.6486313131829379
0.6563282599585
0.645958336314665
0.694634113931167
0.6713618382721225
0.6355398595537203
0.6649093845509092
0.6529678731690365
0.6482965522175999
0.6572533246108085
0.6564202553382875
0.6904892109862927
0.6064769858224898
0.6809370240516808
0.6503025625824126
0.6757213971031677
0.6654971328106634
0.6281572303257659
0.6644851836329998
0.6217533297216629
0.6818569778495569
0.6849158242274944
0.6673165969886846
0.6823961729922008
0.6772827631323404
0.6664784168617309
0.6093595077225011
0.6550377692142573
0.6380543999345811
0.6445630730545533
0.6408985904263474
0.634126708303094
0.6484754321227423
0.5880779098649711
0.635958949617197
0.6843945170753647
0.6960344880457114
0.6261384428248714
0.6449744968363811
0.6449336100009201
0.6303830074311823
0.645163598450389
0.6573810959716246
0.6312007441404053
0.6461576596375382
0.6283565536486391
0.6471133894164427
0.6171561161594996
0.6772546534329609
0.6735160634154819
0.670183786325398
0.6534099620774602
0.6734215126084778
0.6630209238380472
0.5796347783422433
0.6253845917960565
0.6393193364066605
0.6719828070856886
0.6628854861955822
0.6719316985413621
0.6678430149952469
0.5894706176978667
0.6777427400312784
0.667009945722726
0.6881918819188191
0.6890351729002053
0.6618019850558616
0.6942635769848002
0.5927236765442447
0.6617534319387515
0.6705236581451687
0.6460937739571301
0.6476628062679518
0.6730586419437602
0.665566129345504
0.6116082836728644
0.669169281720518
0.6789259028324355
0.6792913289243696
0.6747580010426144
0.6744206846500598
0.6658344492032178
0.6157429649088735
0.6372775500608192
0.6394879946029377
0.6587380278234916
0.6753099733213398
0.653749833897231
0.6536655047990922
0.6234143574122722
0.6728209872126423
0.6411541331479798
0.6918282548476454
0.6959808240741687
0.684253968578467
0.6637875520029439
0.5852439410820701
0.6573044331551349
0.6461193282292934
0.6640022078891149
0.6601588453557665
0.6264502049452627
0.6346761251546034
0.6155155318866209
0.668279993049238
0.6878673426623463
0.6745765657102555
0.6704367736198138
0.6795852030542466
0.6657296766873486
0.6120580388629372
0.6760536026412896
0.6604629411945089
0.6788799051425418
0.6742699144442967
0.6757213971031677
0.6512020729625578
0.6228266091525181
0.6332885281761405
0.6640635381423066
0.6777861822939559
0.6813228935613456
0.663455346464822
0.6645720681583547
0.6357008514683484
0.6411132463125185
0.6902081139924974
0.6464898651756601
0.6823348427390091
0.6596247610675552
0.6412614610910652
0.607494045854586
0.676730790853615
0.682595496315074
0.6891603888338053
0.6929730862405576
0.6870521613803395
0.680390162627388
0.5904519017489345
0.635728961167728
0.6921119072686572
0.6604297206406967
0.6836866637364435
0.6669460600423178
0.663202359170406
0.5921078185851112
0.653432960922407
0.6544040232646093
0.6812615633081538
0.6785604767405015
0.6676769122261861
0.6570310024429884
0.5866673140415615
0.668573867179115
0.6220267604338092
0.6786320287025586
0.6398253109954922
0.6513911745765657
0.6497863662847154
0.6094923899377498
0.6691999468471139
0.6843791845120667
0.683699440872525
0.684095532091055
0.6753994132739111
0.685007819607282
0.5777616501926792
0.637308215187415
0.6449872739724627
0.6557302899898805
0.6506347681205344
0.6557098465721499
0.6266418619864869
0.570634563686357
0.6248147315268167
0.6754045241283437
0.6496125972340054
0.6358669542374094
0.65894757285523
0.6534048512230275
0.6248351749445474
0.6261077776982755
0.6635473418446096
0.6258829001032393
0.6354095327656878
0.6473995972646707
0.6487974159519989
0.6206647177275098
0.6520760290705401
0.6647995011806074
0.6509925279308195
0.6566349112244585
0.6552549805276446
0.6455545788144862
0.6044965297298402
0.622261859737711
0.6285507661170795
0.632570453128354
0.6340270466416575
0.6372647729247375
0.6413994541607466
0.6059454569614948
0.6599339677607302
0.6568904539460908
0.6571025544050455
0.6603249481248276
0.6414045650151792
0.5989410309615562
0.5769950220277826
0.6517438235324182
0.6560241641197576
0.6636367817971809
0.6446295141621776
0.6206493851642118
0.6354095327656878
0.6192592327585326
0.6506909875192934
0.6675286974476394
0.6455903547955147
0.6524823419979352
0.658479929674643
0.6414122312968282
0.5746798049697949
0.6273190501988123
0.6574526479336815
0.6596043176498247
0.6540590405904059
0.6535939528370354
0.6520555856528094
0.5843623186924389
0.6222209729022499
0.6811823450644479
0.6524951191340167
0.6703396673855936
0.6567396837403278
0.6907958622522514
0.6139260561580685
0.6622619619547996
0.6830375852234977
0.6404743895084379
0.6660848810704173
0.6473484887203442
0.6771856568981203
0.6171561161594997
0.656146824626141
0.6713235068638775
0.6702297840152917
0.6640328730157108
0.6536425059541455
0.6598266398176447
0.5873163925545073
0.6452428166940949
0.6734419560262085
0.6538750498308307
0.6808808046529218
0.6344333595690528
0.6506475452566158
0.5651787265795096
0.6264936472079402
0.6489277427400313
0.6570488904335027
0.6378601874661406
0.6499831341803722
0.6730995287792213
0.5983277284296389
0.6304724473837536
0.6492957242591816
0.6598624157986733
0.6295908249941226
0.6578180740256155
0.6700636812462307
0.6175215422514339
0.6469293986568675
0.6682851039036707
0.6659852194089807
0.6590676779343971
0.666542302542139
0.6629698152937209
0.6005177295540269
0.6465793051282314
0.6680704480174996
0.66848698265376
0.6682748821948054
0.6800630679436989
0.6498246976929603
0.5730187772791855
0.6712723983195511
0.6695295969580194
0.6676564688084554
0.6537779435966105
0.662106080894604
0.6744079075139782
0.6141841543069172
0.6648889411331786
0.6871927098772372
0.6621009700401713
0.6597857529821834
0.6621725220022283
0.6785017019145261
0.6231562592634237
0.6472718259038546
0.6727264364056383
0.6707102043319602
0.6730790853614907
0.6804233831812003
0.672851652339238
0.6031165990330263
0.6437964448896566
0.6843382976766055
0.6634655681736872
0.6707178706136092
0.6577669654812891
0.6591520070325356
0.5693747380687104
0.6580097310668398
0.6378218560578958
0.6621904099927426
0.6648659422882318
0.680390162627388
0.6672987089981703
0.5914996269076265
0.6405408306160625
0.6543222495936871
0.6777734051578743
0.6747401130521
0.6798509674847442
0.6718908117059009
0.6238947777289408
0.6432828040191759
0.676802342815672
0.6750058774825975
0.6818646441312058
0.6716965992374605
0.6794472099845652
0.5491638642148194
0.6000679743639542
0.6902719996729052
0.6832471302552361
0.6433185800002045
0.676945446739786
0.6877906798458566
0.5751065613149207
0.6361429403767721
0.6627909353885784
0.6640200958796292
0.6737077204567059
0.6880053357320276
0.6531825290552074
0.5956010875898233
0.6424446238922223
0.6724018971491654
0.6593053326655149
0.6933717328863039
0.6640073187435476
0.6758568347456327
0.6195045537712994
0.6431294783861966
0.6796286453169241
0.6855010170600322
0.6687016385399311
0.6781541638131063
0.6797129744150626
0.5736193026750211
0.6226860606556205
0.6852531406200489
0.6430860361235191
0.6601128476658727
0.6834873404135704
0.625698909343664
0.6008524905193652
0.6560497183919207
0.6471823859512833
0.6774974190185115
0.6483808813157383
0.6420970857908024
0.649656039496683
0.5712453107910581
0.6177464198464699
0.6469421757929491
0.6963871370015638
0.6581809446903333
0.6475145914894052
0.6370654496018644
0.6186254868088849
0.6427027220410708
0.680937024051681
0.6793782134497246
0.6785400333227709
0.6765442446668233
0.6816755425171981
0.6076320403243481
0.6216213748265031
0.6470249835634452
0.6623931623931624
0.6488603988603989
0.6574074074074074
0.6445868945868946
0.6301775147928994
0.6453569776219348
0.6552706552706553
0.6645299145299145
0.6488603988603989
0.646011396011396
0.6631054131054132
0.6037694499232961
0.6388341003725619
0.6688034188034188
0.6652421652421652
0.6588319088319088
0.6474358974358975
0.6495726495726496
0.6002295030072808
0.6430923856137531
0.6552706552706552
0.6695156695156695
0.6488603988603989
0.6474358974358975
0.6531339031339031
0.5991824335841429
0.6528660481651934
0.6574074074074074
0.6267806267806267
0.6445868945868946
0.6431623931623931
0.6616809116809117
0.6196002873353302
0.6379879221759563
0.6638176638176638
0.5954415954415954
0.6481481481481483
0.6716524216524217
0.6837606837606837
0.6204251588866975
0.6455152555579906
0.6349441157133465
0.6531339031339032
0.6502849002849004
0.6502849002849003
0.6495726495726496
0.6058757639954222
0.6428793191613704
0.6396011396011395
0.6552706552706552
0.6574074074074073
0.6467236467236467
0.6403133903133903
0.6007682567511627
0.6831336596293861
0.6550941144958239
0.6916197920471424
0.670556651325882
0.6741118172742104
0.6396041834076022
0.6119055445978523
0.6390867363089586
0.6430345532909636
0.6489608444736649
0.6489973701512163
0.6622257530377189
0.6279524922687316
0.595733800862006
0.6502605498331995
0.6727634110112742
0.6485803686658388
0.6606125356125356
0.650887573964497
0.6728121119146759
0.6018001071419875
0.6612517349696837
0.6768055859936203
0.670447074293228
0.6657656999537341
0.6738104804344122
0.6626579735554095
0.6203308008863564
0.6382162076606521
0.6470128083375947
0.647134560596099
0.6617783134877152
0.6755576253439501
0.6658083132442106
0.6022597219178415
0.6402494703776755
0.6675280638955853
0.6446508145226093
0.6575961234080893
0.6590206248325906
0.6371934886892152
0.5900814522609394
0.6504583972532689
0.6752502008912264
0.6420300971583024
0.6547927776560255
0.6623383738768354
0.6639820293666447
0.6049260963790878
0.6422462074171476
0.6631236759441888
0.6604086005795406
0.6559859497893685
0.6663744612462561
0.6554106703679352
0.610137093043076
0.6331787079650327
0.6820348454963839
0.7071705992646163
0.6568686536635255
0.6524794847444422
0.6556541748849442
0.6053644045097035
0.6711380183602406
0.6587010251540166
0.6732017191418902
0.6733843475296468
0.666398811697957
0.6879063481627584
0.6070445856770643
0.6470949911120851
0.6595137214795335
0.656701244308082
0.704208975576497
0.6927916575352473
0.6512041298366085
0.5957003189909174
0.6628040762656147
0.6708610319721431
0.680762534395013
0.6727664548177369
0.6826405629824434
0.6745562130177514
0.637896607982078
0.6698048311296174
0.6970103732924244
0.6449886770399591
0.6680333357683785
0.6594102320598048
0.6714119609418755
0.5776627218934912
0.641025641025641
0.6752258504395257
0.6831549662746244
0.649116078603258
0.6692965154503616
0.6544427399128254
0.6126056200842527
0.625928360971096
0.6746901405021062
0.6571212895999221
0.6499379063481627
0.6841929042783744
0.6788814620011201
0.6004029999756495
0.6765285996055226
0.6819283122701926
0.6777187279324033
0.679858523875618
0.6734391360459737
0.6870206004821389
0.6240959894806049
0.6681429128010326
0.6825401173691772
0.6966298974845984
0.6790336523242506
0.6363625295249227
0.6697256921615896
0.6205438673387391
0.6612547787761462
0.6860313633817907
0.6595258967053839
0.6752106314072126
0.6816848077531839
0.6773960844473665
0.626911510458519
0.6598181021257944
0.6928981907614387
0.6722490077190931
0.6510854213845667
0.6663927240850317
0.6501205347359195
0.6021349258528744
0.6623475052962232
0.6801385540701781
0.6752989017946283
0.676759928896681
0.6784005405800277
0.6805951250395694
0.6497948474444201
0.6510854213845667
0.6844303211824581
0.6712141135218058
0.6701883507439063
0.6514476343536173
0.6782300874181216
0.626576691747632
0.6354159057150509
0.7023826916989311
0.6699600652592106
0.6783335768378503
0.6924416197920471
0.6327221369956413
0.6020070859814449
0.6768177612194706
0.6864240144154674
0.6402951274746146
0.6733052085616188
0.6826101249178173
0.6688612511262084
0.5956942313779922
0.6677746122190567
0.681395646139236
0.6793380329705117
0.6846068619572894
0.681690895366109
0.6759533201840895
0.6348619329388561
0.6779287505783232
0.658697981347554
0.6538461538461539
0.6474358974358975
0.6488603988603988
0.6417378917378918
0.6070598047093774
0.6343597048725254
0.6327190931891786
0.6602564102564104
0.6353276353276353
0.6595441595441596
0.6652421652421653
0.5970061119633769
0.6666788418925171
0.6396011396011395
0.6581196581196582
0.6631054131054132
0.6709401709401709
0.6267806267806268
0.6125934448584021
0.6685751333187231
0.6683894611245038
0.6723646723646723
0.6488603988603989
0.6452991452991453
0.6445868945868946
0.6175944188764702
0.6486929895049554
0.6349806413908977
0.6566951566951568
0.6509971509971509
0.6403133903133903
0.641025641025641
0.6246195241921738
0.627870309494241
0.6408917135412863
0.6331908831908832
0.6495726495726496
0.6737891737891737
0.6274928774928776
0.6115068059512505
0.6567103757274697
0.619694645335671
0.6595441595441596
0.6709401709401709
0.6303418803418803
0.650997150997151
0.6123468965349308
0.6578183212798597
0.6737891737891738
0.6509971509971509
0.6602564102564102
0.6538461538461539
0.6581196581196581
0.6145384371880099
0.6787810163878539
0.6575504663111501
0.638465799790586
0.6393698103099812
0.6448090924586651
0.6456400516229576
0.5900053570993742
0.6682190079625977
0.6644720822071248
0.6562629361774661
0.6768086298000828
0.6816787201402587
0.6564455645652226
0.6203855894026834
0.6674337058952444
0.6762820512820512
0.6727481919789611
0.6199107555945162
0.6608225582584556
0.6790732218082646
0.6088252124576912
0.6608651715489322
0.6702522706796211
0.667646772347627
0.6747357975990455
0.6607038498064138
0.6708975576496944
0.6046551976039155
0.6606642803224
0.6410926047678185
0.6737161224340711
0.6579735554094528
0.6582292351523121
0.6353093724888597
0.6462822947865683
0.6408003993474078
0.6385023254681376
0.6771130104463438
0.6481724985998489
0.6585123091533347
0.6687668931258673
0.6066093213529111
0.6524886161638298
0.6628375581367034
0.6286251734969683
0.6816574134950203
0.6652604280809408
0.6446629897484598
0.6118203180168992
0.657574816762851
0.6523881705505636
0.6672449898945625
0.6698687510653322
0.6689464777071614
0.666100518664621
0.6030967686950592
0.6583783816689799
0.6888986290695692
0.6715063189422164
0.6660000730513551
0.6672297708622495
0.6373152409477195
0.6139662015730392
0.6689921348041007
0.6936652299900162
0.6538796357172425
0.6651265005965861
0.6403681788297172
0.6590601943166046
0.6287104000779214
0.663294129106095
0.6502909878978256
0.6633154357513331
0.6881315898409915
0.6892943239097085
0.6746749214697934
0.6109924026590693
0.6639455036890934
0.6657778751795845
0.6735974139820294
0.6712262887476563
0.6688521197068207
0.6614526261962159
0.6243425378040762
0.6764951177344339
0.6933821559889936
0.65941631967273
0.6505253609954466
0.6769577763167507
0.6437498478096769
0.6076655221954367
0.6273193805245088
0.6733934789490346
0.6543270752672461
0.6542966372026201
0.6555445978522902
0.6934582511505588
0.6207965032751357
0.6571030267611465
0.6623718557479241
0.6684259868020552
0.6495330800886356
0.6772652007694744
0.6557394014658972
0.608186013100543
0.6585427472179609
0.6778161297392067
0.6686755789319893
0.6622835853605085
0.6823909708525093
0.6620583436822753
0.604028173472618
0.6332121898361215
0.647618525823654
0.6815995811722307
0.6221083838605206
0.6551336839798378
0.6599124601261355
0.6548110404948011
0.668325541188789
0.6840194073100057
0.650513185769596
0.6599672486424624
0.6806103440718826
0.670681447390849
0.5936944505320574
0.6600798694815788
0.6332426279007476
0.6801020283926266
0.6838428665351741
0.6793471643898994
0.6596933060608274
0.6106575839481823
0.6625605717486059
0.6750036525677552
0.6772865074147125
0.6702583582925464
0.6787810163878539
0.6732321572065163
0.6192776438502934
0.6538157157815278
0.6387245233399079
0.6686329656415126
0.6891451773930407
0.6684594686731439
0.6978169820050164
0.6042168894732998
0.69210680108116
0.6724590303650133
0.6635558964618793
0.630150120534736
0.6927277375995325
0.6524612219056664
0.6030054545011809
0.6587710327026566
0.657565685343463
0.7151179779384909
0.6564090388876713
0.6720755107507244
0.6576387366985657
0.6113789660798209
0.6662892346653031
0.6802450872963692
0.6807899286531766
0.6807807972337887
0.675441960698371
0.6716067645554826
0.5911643026004729
0.6295602299591662
0.6323809907586503
0.6114737803567591
0.6194525037610144
0.6439796905222437
0.6274849559424027
0.6218199280034387
0.634902885235332
0.6321862239415431
0.6338115194498174
0.6058188265635075
0.6449065119277885
0.6187137330754352
0.6401817375886524
0.6434894154309048
0.6243015258972706
0.6008354824844186
0.6102783150655492
0.6130050505050505
0.6223001289490652
0.6430293627767032
0.6109532828282828
0.6049490919836664
0.5874704491725768
0.6045562003008812
0.6134617451106813
0.6187808940468514
0.6060606060606062
0.6313164893617021
0.5893240919836664
0.61193047496239
0.5800290135396517
0.6056845046206749
0.6250940253599827
0.6111715559853859
0.6527744197292069
0.6001638727702557
0.6212389856006877
0.6071486137975499
0.617451106812809
0.6024339136041265
0.6213733075435203
0.6571063023855577
0.6187808940468514
0.613340855362132
0.6201778422523103
0.632078766387277
0.6394530410487858
0.6386638996346441
0.6111581237911027
0.6097410272942188
0.6108693316140124
0.61073500967118
0.6017623038899634
0.6097410272942188
0.6108189608854503
0.6689501396948204
0.6570928701912744
0.6332977380184827
0.6307254728132388
0.6101070545884376
0.6569619062970127
0.591758677197507
0.674625241779497
0.6337107779926929
0.6036226627981948
0.6344898452611218
0.611856597893832
0.6263734418654631
0.6157653664302601
0.6501215613582636
0.589042015903718
0.6031256716097142
0.5910366967547819
0.6521296744036105
0.6549067805716742
0.6482209058671824
0.625523855577047
0.6173537234042553
0.6124341822480119
0.6001739469159681
0.5995627820760799
0.6150668923275306
0.6405847034171501
0.6322030141843972
0.6276125617880937
0.6567604233827637
0.6151575596389426
0.6445774231678487
0.6375792499462711
0.6394698312916397
0.6268402106168063
0.6372132226520524
0.6547321620459918
0.6425357296367935
0.6227165269718461
0.6416357726198151
0.6412328067913176
0.6801794541156243
0.6310713518160327
0.6193013915753277
0.6037200462067484
0.6459642972275951
0.6610083548248442
0.6413604126370084
0.6330324521813884
0.6010503975929508
0.6209837739093058
0.6150299537932516
0.608995540511498
0.6112722974425102
0.6197916666666666
0.6246037502686439
0.6070646625832796
0.6464310659789383
0.649658150655491
0.6485970073071137
0.6256481033741672
0.6266320116054159
0.6650816677412421
0.6570055609284333
0.6545071727917472
0.6291169675478187
0.6296038845905867
0.6393287932516656
0.630342655276166
0.6167291263700838
0.6167694229529336
0.6421294057597249
0.6283714807650979
0.6578853696539867
0.6492585428755642
0.6445270524392864
0.6298926767676768
0.6141770094562647
0.6201879163980227
0.6112320008596605
0.620328954437997
0.6159869976359338
0.6459508650333119
0.6863549054373522
0.6397250429830217
0.6229717386632281
0.6167727810015045
0.651471496883731
0.638271007951859
0.6125685041908445
0.6151709918332259
0.6143247635933806
0.6461624220932731
0.6289524231678487
0.6134214485278314
0.6513170266494734
0.6082634859230605
0.6393724478830862
0.636152079303675
0.6645813185041909
0.6612971470019342
0.6234922361917042
0.6031155974640017
0.6454270094562647
0.6290128680421232
0.6114435579196218
0.6113058779282183
0.6159702073930797
0.6200972490866108
0.614479233827638
0.6282875295508273
0.6206143885665163
0.6828020900494305
0.632911562432839
0.6092574683000215
0.6824091983666452
0.6505446754781861
0.6252484955942403
0.6404436653771761
0.6330055877928218
0.6461724962389856
0.6658607350096711
0.6595711100365356
0.6554037717601547
0.6112286428110897
0.6481436707500536
0.6323306200300882
0.6450509080163336
0.6834233290350311
0.6294292660649043
0.6202785837094348
0.6404973941543091
0.6340499408983451
0.6120245003223728
0.6187607457554265
0.6192711691381905
0.6215109875349236
0.613411374382119
0.6105133784655061
0.6230187513432195
0.6661864657210401
0.6371158392434989
0.665414114549753
0.6433517354395014
0.6421260477111541
0.6251343219428326
0.6227266011175585
0.6275151783795401
0.6488253546099291
0.6407425316999785
0.629291586073501
0.6505413174296153
0.586325354609929
0.6299027509133892
0.6639332151300237
0.6297516387277025
0.6725331775198796
0.6756595207393079
0.6550847571459273
0.639375805931657
0.6241034010315925
0.624402267354395
0.6221993874919407
0.6262894906511927
0.6264573930797335
0.6265849989254244
0.6389862722974425
0.5984647001934236
0.6092037395228885
0.5971147646679562
0.6225687728347302
0.6187808940468514
0.6391172361917042
0.6469314152159896
0.664215291209972
0.6292479314420802
0.6369949494949495
0.6030920911240061
0.6043681495809154
0.6101439931227165
0.6137774016763378
0.6303157908875994
0.6037401944981732
0.6019637868042123
0.6285460992907803
0.6234284332688589
0.6066919191919192
0.6115207930367504
0.6252854341285193
0.6292445733935095
0.6188480550182678
0.6197748764238126
0.6175854287556415
0.6241672039544379
0.6404940361057383
0.6211651085321298
0.6164739146787019
0.6603266709649689
0.6268939393939393
0.6000967117988394
0.6139318719105953
0.6241034010315926
0.6450878465506125
0.6343756716097141
0.6072157747689663
0.641387277025575
0.6022324306898774
0.6158526756931012
0.6397653395658716
0.6585435471738663
0.6189555125725339
0.6618579411132602
0.596375993982377
0.6342010530840319
0.6216419514291855
0.6148318289275736
0.6354468891038039
0.6208091553836234
0.6168600902643456
0.6019637868042123
0.6175182677842251
0.6159869976359337
0.6079881259402535
0.6516427573608424
0.6436405276165914
0.6370453202235117
0.6358162744465936
0.6157754405759726
0.617793627767032
0.6106275521169138
0.6449904631420589
0.6252887921770901
0.6080687191059532
0.6455680474962389
0.6334219858156028
0.6676807973350527
0.6221154362776704
0.6179212336127229
0.6417902428540727
0.6517938695465291
0.6300572211476467
0.6412025843541801
0.6225956372232968
0.6168265097786374
0.6314037986245433
0.6404100848914678
0.632696647324307
0.623895202020202
0.6271860896196002
0.6337477165269719
0.6377034977433913
0.6488488609499248
0.6579491725768322
0.6266051472168493
0.6112958037825059
0.6241571298087255
0.643123388136686
0.5924537932516655
0.6655719428325813
0.6145766172361916
0.617558564367075
0.6661898237696111
0.619983075435203
0.6291371158392434
0.6195095905867183
0.6518576724693745
0.6263365033311843
0.6589498710509349
0.6133139909735654
0.626356651622609
0.639520202020202
0.6159601332473672
0.6393959542230818
0.6420991833225876
0.633220502901354
0.6198319632495164
0.625816005802708
0.624439205888674
0.6040659252095424
0.6243183161401247
0.6264506769825919
0.6405611970771545
0.6507730227810015
0.6285427412422093
0.616128035675908
0.6014903019557275
0.6648566784869976
0.6718246292714378
0.6620325596389426
0.6451214270363207
0.6586241403395658
0.6407123092628411
0.6411622877713303
0.6305844347732645
0.6417533043197938
0.6296005265420158
0.6317799000644745
0.6225721308833011
0.626574924779712
0.6121420320223513
0.6394060283687943
0.6241101171287342
0.633348108747045
0.6427842252310337
0.6367699602407049
0.6368874919406834
0.618119358478401
0.6464780786589297
0.6300874435847841
0.6682718138835161
0.6686411992263057
0.6575797872340425
0.6249731356114334
0.6153825488931871
0.6545508274231678
0.6624825381474317
0.6561391843971631
0.6417163657855147
0.6486540941328176
0.6782317859445519
0.620782290995057
0.6405444068343005
0.6391205942402751
0.6622239684074791
0.6580633462282399
0.652720690952074
0.6437513432194284
0.6101977218998496
0.6386135289060821
0.6294158338706212
0.6454840962819686
0.6348659467010531
0.6232101601117558
0.6303695196647324
0.6177231087470451
0.6381098216204599
0.5980550182677842
0.6364778100150441
0.6311150064474533
0.6570995862884161
0.6697762196432409
0.630722114764668
0.6785340103159252
0.6424652106168063
0.6748636632280249
0.6407996185256823
0.6269107296367934
0.6255137814313346
0.6123502310337416
0.6146572104018913
0.6511356920266494
0.6250805931656995
0.620147619815173
0.6454505157962604
0.6464545723189341
0.604159950569525
0.6506957876638728
0.6427808671824629
0.647596308833011
0.6413033258113046
0.6508636900924135
0.6473881098216204
0.606245298732001
0.6387679991403395
0.6679964539007093
0.624838813668601
0.6282808134536857
0.6487212551042338
0.6357289651837523
0.5916008489146788
0.6377605845690952
0.6773687674618526
0.6438386524822695
0.6418406135826349
0.6521431065978938
0.6742457822909951
0.6233948527831507
0.643630453470879
0.6351010101010102
0.6615758650333119
0.653912798194713
0.641585401891253
0.6612333440790887
0.6057650977863743
0.6375053728777134
0.6452389587362992
0.6485231302385558
0.6457426660219213
0.6560182946486137
0.6505581076724695
0.6519894910364723
0.6743447352153308
0.6848475169997941
0.6953492684937153
0.664663094992788
0.6631197197609726
0.678098083659592
0.6447929116010714
0.6957541726766948
0.6783515351329075
0.6887183185658357
0.6752070883989285
0.7055017514939212
0.6641850401813312
0.644662064702246
0.6711178652379972
0.6953039357098701
0.6762394395219452
0.6487821965794355
0.6810117453121781
0.681685555326602
0.6362353183597774
0.6854564187100762
0.6745373995466721
0.6819245827323306
0.6730764475582115
0.6751308468988255
0.6769462188337111
0.6463610138058934
0.6892520090665567
0.6897073974860911
0.6691634040799507
0.6990665567690089
0.6763156810220483
0.6657716876159077
0.6353193900679992
0.6683824438491655
0.6756717494333403
0.6631197197609726
0.6791098289717701
0.6885555326602102
0.6657284154131465
0.6577519060375028
0.6861508345353391
0.6888172264578611
0.6861858644137646
0.6935338965588296
0.6635545023696683
0.6915227694209767
0.6407562332577786
0.6923902740572841
0.6839964970121575
0.6778157840511024
0.6661631980218421
0.6779352977539665
0.6796311559859881
0.6675169997939419
0.7010065938594684
0.7006872037914692
0.7047352153307231
0.6829445703688439
0.6777735421388832
0.6834875334844427
0.6466371316711311
0.6955305996290954
0.6844436431073563
0.6832206882340819
0.6988584380795384
0.6920595507933237
0.7071440346177622
0.6360179270554297
0.6942530393570987
0.6956212651967856
0.6686225015454359
0.6984246857613848
0.6947146095198845
0.6823181537193488
0.6356150834535339
0.6985369874304554
0.6859293220688234
0.6829651761796826
0.6872480939624974
0.6805295693385534
0.6814970121574284
0.6581269317947662
0.6947908510199876
0.6826478466927673
0.6687337729239646
0.6872944570368844
0.6913280445085515
0.6804306614465279
0.613282505666598
0.6877055429631156
0.6915351329074799
0.6948238203173296
0.687607665361632
0.7074654852668454
0.697316093138265
0.6646754584792911
0.6844539460127755
0.6811322893055842
0.6918318565835565
0.7066330105089634
0.7080300844838245
0.7185452297547907
0.6308613228930557
0.6908056872037914
0.6866783432928086
0.6792107974448793
0.6939346795796415
0.6930743869771276
0.6835225633628684
0.637792087368638
0.6915990109210797
0.6948846074593036
0.690996290954049
0.6810457449000619
0.6921821553678136
0.7109076859674429
0.642086338347414
0.6880867504636308
0.7121677313002266
0.7057685967442819
0.7020183391716464
0.7149876365134968
0.7193653410261694
0.6629249948485473
0.7028353595713991
0.6884267463424687
0.7000278178446321
0.7048907892025551
0.6828868740984958
0.7006830826293015
0.6321656707191429
0.6981176591798888
0.6841706161137441
0.6812487121368226
0.6916783432928085
0.6807984751699979
0.6832649907273851
0.5944281887492273
0.6831825674840305
0.6794879456006594
0.6928106325983927
0.7109695033999588
0.6951947249124253
0.7261652586029259
0.6704698124871213
0.6856418710076242
0.6758654440552236
0.6965763445291572
0.6787760148361838
0.689753760560478
0.7184576550587265
0.6358036266227076
0.7014475582114157
0.6861024108798681
0.7075169997939419
0.6857191427982692
0.7157603544199465
0.6995033999587885
0.6325891201318772
0.686885431691737
0.6891427982691118
0.6867968267051308
0.6771110653204204
0.693833711106532
0.6910993200082423
0.6468720379146919
0.6995641871007623
0.7081042654028437
0.6782134762002884
0.6911559859880485
0.7046126107562332
0.706349680609932
0.6423737894086132
0.6899464248918196
0.704048011539254
0.7314053162991964
0.7171244590974655
0.7024510611992583
0.7069101586647435
0.6387873480321451
0.7029085101998763
0.689678549350917
0.7177251184834124
0.6889717700391511
0.7250288481351741
0.7107572635483206
0.630780960230785
0.6898403049660004
0.6933309293220689
0.6899484854729032
0.6933834741397074
0.6864125283329898
0.6896909128374202
0.6353410261693798
0.6960364722851843
0.6942839480733567
0.6964928909952607
0.7360859262311972
0.7000144240675871
0.7053513290747991
0.6372450030908716
0.6688100144240675
0.6928126931794766
0.7339861941067382
0.7078734803214507
0.7274799093344324
0.710889140737688
0.6559633216567073
0.6952307850813929
0.7112847723057903
0.6865928291778282
0.7029734185040182
0.6890881928703894
0.7149010921079745
0.628498866680404
0.698188749227282
0.6894147949721822
0.6923974860910778
0.6841160107150217
0.6865444055223573
0.6941531011745312
0.6092994024314857
0.6763908922316093
0.6723542138883166
0.6756418710076241
0.6943272202761179
0.6831094168555533
0.6542283123840924
0.655369874304554
0.700934473521533
0.6582196579435401
0.6776097259427157
0.6729569338553472
0.6786091077683907
0.689033587471667
0.6092035854110859
0.682546878219658
0.6952029672367609
0.6776633010508963
0.6852833298990315
0.6984689882546878
0.6738264990727385
0.6220028848135174
0.6844024314856789
0.6784586853492685
0.6791634040799506
0.6857613847104883
0.6852070883989285
0.6830331753554503
0.6675025757263547
0.6711889552853905
0.6768658561714405
0.6738264990727385
0.6844034617762209
0.6560539872243972
0.6685328662682877
0.6448330929322069
0.6905975685143211
0.6747929116010716
0.6888378322686998
0.6847723057902328
0.6851638161961674
0.6791634040799506
0.6630609932000824
0.6770739748609108
0.6909890789202555
0.649216979188131
0.6757181125077272
0.6846857613847105
0.6875767566453741
0.6192911601071502
0.6749999999999999
0.6853029054193283
0.6847723057902328
0.6789243766742221
0.681533072326396
0.6812178034205646
0.6462961055017514
0.6874294250978776
0.6916701009684731
0.683787348032145
0.7079239645580054
0.6885833505048423
0.682746754584793
0.6308396867916753
0.7100803626622707
0.7054945394601277
0.7089810426540284
0.7083752318153719
0.7148506078714197
0.6908458685349268
0.62530908716258
0.6836595920049455
0.6792046157016279
0.6960570780960231
0.693421594889759
0.6773768802802389
0.6976200288481351
0.6155996290954049
0.6833360807747786
0.6886874098495775
0.6876643313414383
0.6876457861116835
0.6886348650319389
0.6876880280239028
0.651352771481558
0.692269730063878
0.6834597156398105
0.6922707603544199
0.7003606016896764
0.6778199052132701
0.6827859056253863
0.6667906449618792
0.6982464454976304
0.6976313620440964
0.6835452297547908
0.6936369256130228
0.6966165258602927
0.7031166288893467
0.6742334638368019
0.6703616319802184
0.6972635483206264
0.7061487739542551
0.6806068411291984
0.6952421182773542
0.7129363280445086
0.6176540284360189
0.6869833092932206
0.6818576138471049
0.6859674428188749
0.6824376674222131
0.6892437667422213
0.682498454564187
0.6407397486091078
0.6677570574902123
0.702562332577787
0.6959901092107974
0.6930084483824439
0.7152019369462188
0.7028569956727797
0.6470430661446528
0.6645095817020399
0.6872872450030908
0.7009252009066557
0.7056408407170822
0.6915825262724088
0.6992386152895116
0.6268679167525242
0.6935761384710488
0.7106614465279208
0.691685555326602
0.6982608695652173
0.6984442612816815
0.6966989491036472
0.622027611786524
0.6903647228518441
0.6976323923346384
0.6869719760972594
0.7017659179888728
0.6981104471460953
0.6903791469194313
0.6334751699979394
0.7219781578405111
0.7098330929322069
0.7030517205852052
0.7153348444261283
0.7154059344735216
0.7085668658561716
0.6600834535338964
0.663772923964558
0.6933072326396043
0.6950278178446323
0.7004059344735216
0.7081537193488565
0.7350947867298576
0.6358417473727591
0.6765001030290543
0.7024974242736453
0.7033597774572429
0.6978796620647022
0.6983443230991139
0.7032299608489595
0.616779311765918
0.6889233463836801
0.6927189367401607
0.6867834329280856
0.7014248918194932
0.6921728827529363
0.6888862559241706
0.6675025757263549
0.6745672779723882
0.7143313414382856
0.7239676488769833
0.7158963527714816
0.7181392952812691
0.7252750875746962
0.6342705542963114
0.7078889346795796
0.6929816608283536
0.7196929734185039
0.7003204203585411
0.7175849989697094
0.713926437255306
0.642177003915104
0.6791994642489181
0.6856995672779723
0.703743045538842
0.6828920255512055
0.6868236142592212
0.696810220482176
0.6242437667422213
0.6836152895116423
0.6957345971563981
0.6952771481557799
0.6969956727797239
0.7007572635483206
0.6959478672985782
0.6430352359365341
0.691075623325778
0.6983154749639398
0.720722233669895
0.7084957758087781
0.7069132495363692
0.7047558211415619
0.6394271584586855
0.7030815990109212
0.6985380177209973
0.6916567071914281
0.7000865444055222
0.6992035854110858
0.7033309293220688
0.6412785905625384
0.6815928291778282
0.6940933443230991
0.7154378734803214
0.7115320420358541
0.6868998557593241
0.7068019781578405
0.6254914485885019
0.6858283535957139
0.7044673397898207
0.6964671337317124
0.7039398310323511
0.6995425509993818
0.691764887698331
0.6667543801488505
0.6793312503107958
0.6709521954615524
0.6643177410532248
0.6775970097299806
0.6808189262212202
0.6336608430439755
0.6813224154221023
0.6918293855359777
0.6893616668600506
0.6495217888577632
0.6510115367402077
0.6599293043146744
0.6649310447711714
0.6934103001873062
0.7049594722272869
0.690981948979761
0.6622954963616171
0.6546851431318271
0.6806303767673921
0.6469939829932536
0.7094432196787616
0.7115400553630924
0.6725413980009614
0.6817492416582406
0.6659152314807141
0.6736063916192875
0.6510654080127302
0.6890467271129971
0.7092298065606923
0.6569166569974638
0.6551637686684678
0.6468593048119479
0.656201826650533
0.6457943111936216
0.6714681164945548
0.6567861227601983
0.6617899351887152
0.6567073878234349
0.6514362910043263
0.6628549288070413
0.6684699729814849
0.6733059556763746
0.6823936249564886
0.6461444744650168
0.6545774005867825
0.6531415239768602
0.6761880687563195
0.6443853702199606
0.7160797460591093
0.6910026686999619
0.6678836048997994
0.6694810953272887
0.6536470851497622
0.6766397586566991
0.6597138192245853
0.6937853271229425
0.6989217457607452
0.6471928923071824
0.6713665898655704
0.6521739130434783
0.6814052943029059
0.6839351721394354
0.6879734456065905
0.7113287142170432
0.6877662484045814
0.7098058147822772
0.6475471995226176
0.6835953687281408
0.6858310265378175
0.6937231679623398
0.7082456198511495
0.6561230917137696
0.6745532828324687
0.7071930580649439
0.6730034477614415
0.6652522004342852
0.7184935934625138
0.7093955643222993
0.6868504367717018
0.6845836993817236
0.6862226292496146
0.6824102007326494
0.6832452054567455
0.6421082729698817
0.6900682093189013
0.6808976611579838
0.6721332195130036
0.6876481459994364
0.6668041074773325
0.6765527358318554
0.6671045434202456
0.701822506588871
0.6990916474663926
0.6550249465431217
0.665869648096272
0.6902878383530309
0.6586426096901987
0.6864526181438446
0.6895274246216578
0.6862640686900165
0.6761051898755159
0.7275936945747484
0.6635241757695304
0.6446195030582307
0.7204930464619006
0.7029020040113378
0.6898009249283098
0.6757260189958395
0.6884935105836331
0.6818818478675265
0.6871798803228961
0.6831105272754397
0.7132349284755259
0.6935781299209336
0.6952232757048848
0.7112271875880588
0.7069775729748545
0.7026077839844851
0.6559511180361022
0.7063684132009482
0.7021105106996635
0.7067931674650665
0.6891814052943028
0.7208142021250145
0.6942660246316034
0.7053137794427224
0.6787262344809295
0.6794224170796797
0.6755374695420113
0.7020669992872416
0.681363854862504
0.6894445457408545
0.7039752855177445
0.7133551028526911
0.6921277495068707
0.6948068093288469
0.6976246912761691
0.6872275356793582
0.689531568565698
0.6482226624011669
0.7284369871869251
0.6964436672247177
0.7258594539939334
0.6974382137943609
0.6875735550067132
0.6932963417262012
0.676312387077525
0.7180046080657727
0.7031050572693067
0.6929586102869267
0.7002788874339041
0.6792856669263538
0.689274644035207
0.677168111521822
0.7368284738682889
0.6987580599711581
0.6949414875101527
0.6703699713239073
0.7064699398299326
0.6997836861211026
0.7158062457524574
0.7217175819257736
0.6978215286180776
0.7006021150690381
0.6958427953388917
0.6861729019211324
0.6917755142634553
0.6583628934674866
0.7023342836778332
0.6998769248620066
0.7083678662003348
0.7215746158563876
0.7040788841187491
0.6871798803228961
0.6767412852856834
0.7287477829899385
0.7156031924944886
0.728990203716289
0.7209550962223805
0.6915993966417477
0.6895108488454972
0.6955195677037579
0.7128163901274678
0.6874720283777288
0.7171944670059176
0.6851721394354291
0.7088858592053573
0.6959691856321172
0.7187380861608845
0.7215870476885079
0.7071723383447431
0.7041078917270301
0.7075432213363391
0.7094742992590628
0.7014246879610138
0.6768386679706277
0.7447019675446304
0.6835870808400604
0.7182055893517214
0.7051873891494969
0.6737162061363523
0.7030739776890054
0.6883194649339455
0.7272870427157752
0.7085377679059821
0.7125263140446552
0.6975335245072851
0.6706061761341975
0.7036271942183692
0.67481642327902
0.7163843259460623
0.6900309138225398
0.6858372424538779
0.714206683352948
0.6918438893401184
0.674723184538116
0.7156674236271112
0.7173270732152033
0.7034945880090836
0.7067807356329461
0.7116623017122776
0.7076986192378458
0.7070273003033368
0.6868877322680635
0.6882096504168809
0.6539682408128761
0.6304927978252581
0.6750422682292099
0.6290030499428135
0.6505867824760895
0.6753986474166653
0.6993237083326427
0.6705999602181373
0.6530068457955543
0.6485376021482205
0.6622146894528336
0.6549752192146397
0.6884976545276733
0.7076178123290624
0.6742279832253145
0.6207524573588158
0.6438259377745363
0.6598215617696298
0.6734447778017205
0.6876730096636775
0.6966674402028875
0.6785791244675031
0.6786081320757844
0.6581432644333571
0.6494140463127186
0.6719550299192759
0.6730345273417428
0.6842604717465894
0.6553005188217939
0.6391681446733743
0.6519957234497504
0.6571590777238143
0.6601924447612258
0.6922893633244377
0.7159429959057833
0.6818031129307629
0.6602463160337483
0.6412981319100267
0.6372536425268115
0.6494679175852409
0.6558433754910573
0.695892522667374
0.6607767408708912
0.6417498218104063
0.6455042351108091
0.6546043362230436
0.6643716123257472
0.6859677766911436
0.7025932801803445
0.6724046478476353
0.6607249415703891
0.6786081320757844
0.675601700674634
0.6684161017089625
0.6657577616071872
0.7149132258117986
0.6577620215816606
0.6908742064347163
0.6656728107543636
0.671474332410615
0.6906214258482654
0.6925400719388685
0.6991082232425533
0.6755291816539309
0.659523197798737
0.6870058346732086
0.6851845712675496
0.6915579572013459
0.6638328996005238
0.6999411559946295
0.6884603590313118
0.6965431218816821
0.6928052843574399
0.6687144656798554
0.6687268975119761
0.6838667970627724
0.6950057186427755
0.6657308259709261
0.6812913358418008
0.6850333173100831
0.6828245951366672
0.6892352765668253
0.6775762900097797
0.7154125710686402
0.6814715974075486
0.686187405725273
0.6694189361666859
0.6696240613966749
0.6677509986905138
0.6973263273052761
0.714413880554957
0.6820911170415556
0.6837134711332858
0.7074541265394751
0.676362114406007
0.6860775912082083
0.6630600540370303
0.6973801985777985
0.6643239569692851
0.7042280661041954
0.672765170979131
0.6904390923104974
0.6759311442258285
0.6841527292015448
0.6912886008387343
0.6769982098161746
0.6804832667539656
0.6794182731356396
0.6886571963732202
0.675527109681911
0.6704797858409719
0.7052205407018183
0.6876481459994364
0.6913694077475178
0.6947363622801638
0.7113908733776458
0.6848841353246365
0.7142253311011288
0.7194467005917552
0.6739254753103814
0.6555885229325864
0.7020359197069403
0.7055064728405906
0.7005005884400537
0.6671086873642859
0.7214523695072023
0.6764553531469111
0.6891316779658208
0.6888312420229077
0.7054671053722091
0.6771577516617215
0.6897035422433655
0.7092816058611945
0.7085957831225447
0.6998479172537254
0.7018162906728107
0.6998002618972634
0.7078146496709709
0.6431608347560874
0.7082663395713504
0.6741368164564304
0.6596620199240829
0.7080653582854017
0.6784527341742778
0.6901241525634437
0.6495445805499842
0.6774043163321122
0.6775162028211972
0.6968870692370172
0.6928156442175405
0.6806158729632515
0.6639012746771868
0.6710392182863962
0.6898879477531535
0.6702995242752241
0.6912865288667142
0.7091241359876677
0.6975915397238475
0.6813907904987652
0.6905986341560444
0.7140989408079034
0.6983457375391604
0.6985197831888479
0.7073173763861493
0.7049159608148652
0.703206583898291
0.6634682325249881
0.7184853055744336
0.6760678943791543
0.7154913060054038
0.6985653665732898
0.7212265245570123
0.7140616453115417
0.6956811815213246
0.6965244741335013
0.7047874985496196
0.7283623961942018
0.7246100548658192
0.7207147474680501
0.7284763546553067
0.6952916507815479
0.7140761491156824
0.7308943460027515
0.7301380762154188
0.7156011205224684
0.7182967561206054
0.7169375424754265
0.6915185897329643
0.7259299010426162
0.7186365595319002
0.706020321901573
0.7168049362661405
0.710493709492947
0.7160528104228481
0.6567612590959571
0.7001918646090602
0.7078975285517746
0.7124206434716306
0.7096835684330918
0.6947177145319829
0.6911559946294485
0.6985674385453099
0.6907664638896717
0.6804024598451823
0.7075867327487609
0.7015842298065607
0.6964913225811799
0.7141072286959836
0.6734903611861625
0.7068408228215286
0.6803485885726599
0.7246659981103615
0.7190613137960185
0.7030138905004226
0.715777238144176
0.6888333139949279
0.7227929354042003
0.7109308955891859
0.7093437650217972
0.7124247874156706
0.7254160519816341
0.7076053804969418
0.6211379543692054
0.6407970323683261
0.635874853668295
0.6323233770146851
0.6024717092037086
0.634304103215099
0.6255859442531774
0.6413527223871456
0.6304118033499464
0.6398041995347024
0.6485964504991332
0.6302043457429205
0.6077001348474447
0.6335557739897555
0.6732073439992887
0.6367886550325758
0.6372579043818011
0.6367343208974023
0.6442200828842535
0.6176506907844368
0.6374480738549082
0.6496510266681814
0.646037806679147
0.6423257973534336
0.6503129152239308
0.6356056527258448
0.6354673476544941
0.6309180987004264
0.6429185333735077
0.6472949009883873
0.6378950956033805
0.6167640564877427
0.6444275404912794
0.593062024885034
0.627497517917916
0.6431679764486221
0.6296857017253558
0.6383050713505984
0.6286261860894735
0.6477789687381145
0.62117500037046
0.6345115608221249
0.6419257005398837
0.6621429382912408
0.6507303001713994
0.6414218749228209
0.6342695269472614
0.6309872512361016
0.6485272979634579
0.6380309309413141
0.643681680999353
0.6428864268390869
0.6510958207171118
0.6445658455626299
0.6301351932072451
0.6345807133578001
0.6572923818603019
0.678408602575438
0.6707252619152289
0.6483223100898489
0.6299030382660495
0.6513847795268979
0.629164587974374
0.6465045862949552
0.6809326701275864
0.6358279287333725
0.6513921887271487
0.6482432786205057
0.6618095242799493
0.6510291379148534
0.6291250722397024
0.6526715106371418
0.6358279287333726
0.6473566443238118
0.6291053143723666
0.656600856503549
0.6477443924702767
0.6460872013474865
0.6599424058167161
0.650085699749569
0.6506068135005507
0.6449782910432648
0.6470676855140255
0.654716449906397
0.6380309309413142
0.6374036186534026
0.6604758682347827
0.6534642950639907
0.6614612918681558
0.6234446853806599
0.6303031350795996
0.6289941763686028
0.6526270554356364
0.6303253626803522
0.644951123975678
0.6560871519528182
0.6617403717442739
0.6730665691945211
0.6594682170006569
0.6544250213631941
0.6690384339914349
0.6264009562807791
0.6607376599769821
0.6591175148554466
0.6680752379588147
0.646734271502734
0.6598757230144577
0.6535606146672528
0.6617700085452776
0.6365935460926347
0.6561192584872388
0.6478826975416273
0.6531679270539538
0.6571293794547817
0.6637951899471972
0.6826170283179633
0.6512316560550455
0.6604684590345318
0.6766476826491349
0.6548646339114156
0.6910758652711027
0.6604363525001111
0.6617700085452776
0.6767637601197327
0.6839877303643845
0.6781492805666556
0.6470232303125201
0.6699596445559666
0.6638495240823705
0.6412242962494629
0.6410538846436916
0.6519009538110456
0.6679690394218849
0.6430617779116922
0.6569268613145898
0.6583543672296013
0.6674701532716559
0.6618416308143699
0.6506537384354733
0.6649880711875961
0.6588952388479188
0.6678727198186226
0.67337775560506
0.6349659917708483
0.6357661853979482
0.6805671495818741
0.6655067152051608
0.6474554336604906
0.6555438106010838
0.6810215805305975
0.6314836676529136
0.6621923329595804
0.6644793061036991
0.6922736859783355
0.6566601301055563
0.6589347545825903
0.6629851173864293
0.6562550938251726
0.6369170811702585
0.6699917510903873
0.6464057969582762
0.6385026500239563
0.6576579024060143
0.6669317513867553
0.6656573689435963
0.6693841966698115
0.6537557236071938
0.6555265224671649
0.6371788729124579
0.683649376886259
0.6636568848758464
0.6766797891835555
0.6709376589890886
0.6639260858182969
0.6670428893905191
0.6582259410919186
0.6537162078725223
0.6633111221974699
0.6638717516831234
0.6776602733500945
0.6945507801887865
0.6769391111923379
0.6573121397276378
0.6771613871998656
0.66587470548429
0.656010590216892
0.6726615329141372
0.6445263298279584
0.6635580955391674
0.6461538841497448
0.6604338827666942
0.6685543662417078
0.6766995470508914
0.6715871988777531
0.6712340269991257
0.6678727198186227
0.614175775866753
0.6639334950185477
0.6767983363875703
0.6680184340902242
0.6778998374915411
0.6478505910072067
0.6496115109335099
0.6196659932526882
0.6824811929800296
0.6866352845873817
0.6832468103392919
0.66972008041452
0.6388163061679122
0.6545213409664561
0.6356031829924278
0.6507303001713995
0.668539547841206
0.6474727217944094
0.664995480387847
0.6313527717818138
0.6663884100350208
0.6488162567732438
0.6590360136526863
0.6648127201149908
0.6725750922445433
0.6711500560629485
0.6768378521222419
0.6716489422131775
0.6129705459592691
0.6692409521316269
0.6243609564783577
0.6444621167591171
0.6522244888886692
0.6342003744115859
0.6464082666916933
0.6381988728136685
0.6695768358763355
0.6497177094704398
0.6498288474742037
0.6501746101525802
0.6604931563687014
0.6443238116877663
0.6454006154575676
0.6636395967419276
0.639730107532193
0.6184335962776177
0.6209329664955965
0.634304103215099
0.6513378545919754
0.6382359188149231
0.6686605647786379
0.6350153864391879
0.6411798410479573
0.6446695743661429
0.6377246839976093
0.6402240542155879
0.6417676376011974
0.6430568384448583
0.6464700100271177
0.6255513679853396
0.6145067201446276
0.6509575156457612
0.6543780964282716
0.6177889958557873
0.6799423070273793
0.6537779512079467
0.6421973712157509
0.6480555788808156
0.6406957732982302
0.6266454598890596
0.6199722401963931
0.6771539779996146
0.611118245896538
0.652755481573319
0.6087596504833268
0.6343386794829365
0.6368034734330777
0.6414638603909094
0.6674726230050729
0.6576850694736011
0.6369763547722659
0.6355710764580069
0.6366651683617269
0.6344769845542871
0.6084311759388692
0.6418590177376253
0.657983907217055
0.6522318980889203
0.6476653610009335
0.6662822114980909
0.6273740312470673
0.6500486537483144
0.6740198862934734
0.6595176116689964
0.6527777091740717
0.6306933529594816
0.6621454080246578
0.6299771302685588
0.6420590661444003
0.6885196911845335
0.6706264725785499
0.6357933524655349
0.6620540278882296
0.637848170668458
0.6521355784856583
0.6377098655971075
0.6667588700475671
0.6559513166148845
0.6401845384809164
0.6497300581375247
0.6567194037075638
0.6556179026035931
0.6467663780371548
0.6605795970382957
0.6625652627055436
0.66745039540432
0.6256106415873471
0.6373171779838085
0.6286138374223886
0.6462403248193389
0.6780504912299765
0.6397646838000307
0.6664649717709471
0.611318294303313
0.6330642970397775
0.6709524773895905
0.6223901092116118
0.6272060893747129
0.6585420669692914
0.6443583879556041
0.6471763537843725
0.6511946100537908
0.6566502511718886
0.6390188243081042
0.659366957930561
0.6506438595018054
0.6495374189310006
0.6585297183022065
0.6534050214619834
0.6452771287867187
0.610710739882737
0.6596583864737641
0.673066569194521
0.657000953317099
0.6550819704521094
0.650475917629451
0.6409476861067617
0.64002647554223
0.671999644358388
0.6516292831351783
0.6318985828669654
0.6699522353557157
0.6493349007908087
0.6748200799205735
0.6456920440007705
0.6651486038596994
0.6523924307610236
0.6589051177815866
0.6644817758371161
0.6567786773095712
0.6775417261460799
0.638043279608399
0.6632518485954626
0.6748818232559978
0.6628715096492485
0.6587865705775718
0.6612340763937941
0.6580407110856454
0.6231384384369552
0.675151024198448
0.6882998849104227
0.6374209067873213
0.6631802263263703
0.658875480980583
0.6961684555769051
0.6184484146781196
0.6773614356066406
0.6675615334080838
0.6517107843379385
0.673970491625134
0.6540101061491422
0.6684111217035233
0.6330371299721907
0.6634840035366583
0.6588581928466641
0.6250154358338561
0.6906016764550434
0.649201535186292
0.6391176136447833
0.6400314150090639
0.6698509762856197
0.6629332529846729
0.6467688477705716
0.6633160616643041
0.6571565465223683
0.6546398881704709
0.6410711727776104
0.6366380012941403
0.6786728640510543
0.6912314584763721
0.6653486522664743
0.6476456031335978
0.6848521370603258
0.6346449264266414
0.6561291374209068
0.6791742199347002
0.6604017762322735
0.6729554311907573
0.6626195968407169
0.6615502022711668
0.6423159184197658
0.6386681221628938
0.6850200789326801
0.6502116561538348
0.6641162552914037
0.645546329729169
0.6675343663404971
0.6407031824984811
0.661646521874429
0.6608537374475798
0.665378289067478
0.6568996942470029
0.6654054561350649
0.6679221144869623
0.6435137391269986
0.6719700075573842
0.6929676810685055
0.6585124301682876
0.6586927207077269
0.637161584778539
0.6618934952161264
0.6410761122444442
0.6849780934645915
0.6877343159579354
0.6682333008975011
0.6618243426804511
0.6792804184716302
0.6581024544210697
0.6083472050026919
0.6553980963294821
0.6451832789168737
0.6928417246642398
0.6757190628843521
0.6409674439740976
0.6652720905305483
0.6404290420891969
0.666766279247818
0.664390395700688
0.6661315577596554
0.6758005640871125
0.6656993544116849
0.6640224054215589
0.6336114968190442
0.683481263669943
0.6683819325328759
0.6763048272482235
0.6673722852968135
0.6680393331336728
0.6368945519888917
0.674115367511594
0.6612985197890858
0.6490148565620263
0.6894325101872272
0.6672021200323087
0.6990320999754962
0.6870864984072531
0.6824965740060079
0.689437047927614
0.6816911250873515
0.6693915797689383
0.6579292475518891
0.6963412199261256
0.6695572072930565
0.7018454990153102
0.6952521622332943
0.700545436394493
0.7015573525007487
0.6956650966084929
0.7089674825523882
0.6933054716073583
0.6519825387749918
0.6655254249593872
0.7032408541842504
0.6757897937143219
0.6784806737636926
0.6928085890350042
0.6495162768747675
0.6709684445533503
0.6937615145162315
0.6636581447902202
0.6803388784520861
0.6582741158212856
0.6604681132983019
0.6741062920308203
0.6861539927577662
0.6806134117454872
0.6555786980315282
0.6788119288119289
0.6651828255601842
0.6749525806129579
0.6710841569332135
0.7016140742555836
0.704182435314511
0.6966724749743617
0.695324766079483
0.7015573525007487
0.7072839808688866
0.7022334758183815
0.6751976185938449
0.6989231942062131
0.6949163694446714
0.6769106155898608
0.6823672484049843
0.7082437129606941
0.6764454972002142
0.6907529926397851
0.697493805984372
0.7108007296686542
0.665695590223892
0.6741244429923676
0.6630001724341348
0.6920712062221496
0.6742855327760988
0.7122981839962972
0.6831137066986124
0.6950638460072422
0.6948188080263552
0.721532485683429
0.686585078094512
0.703136486155354
0.7061472769019939
0.7120259195730895
0.6999146904807283
0.7056844273825407
0.7088858032254258
0.7000190585096245
0.6474561427391617
0.6913315545391017
0.6719259077749644
0.6817342336210261
0.6974302776189568
0.6939884015355713
0.673922513545155
0.6781970649895177
0.6709230671494822
0.6520006897365388
0.6899656946826758
0.6864557524934883
0.6793269623458302
0.6952272046611669
0.6839282310980426
0.6847087224445716
0.6819248187172715
0.6671476671476672
0.6960281158394366
0.6696683819325329
0.6780178242442393
0.7025012025012024
0.7029640520206559
0.7068392823109804
0.7074201130804905
0.7163821503444144
0.708613538802218
0.705128554185158
0.6426801709820578
0.6890309201629957
0.697954386633632
0.7027190140397687
0.69103660141396
0.6939657128336374
0.6900768693221523
0.7055437574305498
0.6881687494895042
0.6905192990098652
0.6938704202855147
0.7110003902456734
0.7008222385580876
0.7033724486554674
0.6855073647526477
0.7270844110466751
0.6775595124651729
0.7064422300271357
0.6959827384355686
0.6970196121139517
0.690308294081879
0.6991115104322652
0.7112976122410084
0.698871010191765
0.7138841242614827
0.7089516004610344
0.7212511457794478
0.7121257498615989
0.6432088177371197
0.6971307867534283
0.6805975296541334
0.6729310172706399
0.6899997277355767
0.6990661330283972
0.6669502754408415
0.6683864702732627
0.7033134580304391
0.7193815967400873
0.6894983074228357
0.7021517964914191
0.6538747765162859
0.6988642035811847
0.6626938749580259
0.6836332779729006
0.6627165636599599
0.6936548776171417
0.6579564739942099
0.6765475963589171
0.6811624783322896
0.6944217557425104
0.7054961111564885
0.7193657146487334
0.7113497962554565
0.7173917975804769
0.7140247942134734
0.712245999981849
0.6743694809732546
0.7008245074282811
0.7105012388031255
0.6893780573025856
0.7025102779819761
0.717512047700727
0.7056912339931207
0.6954563605507001
0.7193203372448655
0.7068143247388531
0.6901698930000817
0.7078761559893636
0.6845045241271657
0.7097910824325919
0.6692622541679145
0.6929515278571883
0.710224436639531
0.725062847704357
0.7351479757140134
0.7147304128436204
0.7110071968562535
0.6939702505740242
0.730004446985579
0.7291173187399602
0.7299522629711309
0.7249902438581685
0.7314746748709013
0.7271751658544111
0.6573869875756668
0.7246022670550973
0.7356289761950139
0.6818794413134035
0.7062198807481825
0.6844432646319438
0.6995675533411383
0.6761755016471998
0.6986645430041656
0.6835697496074855
0.7056004791853849
0.6988301705282838
0.688754117999401
0.7016571827892583
0.6778544655903147
0.6895981377113453
0.6757807182335485
0.6771057384264931
0.7091217657255394
0.6789367166725657
0.6702832457549439
0.6931693393957545
0.7329108697033225
0.730676032562825
0.7338637951845499
0.7308530044379101
0.7252988102044706
0.7258319946999192
0.6527199215878461
0.6958397996133845
0.6762730630655158
0.66736320981604
0.6564204488732791
0.6614754916641709
0.6737704992421973
0.6863105448011109
0.6995062938459164
0.6780064798932723
0.6896072131921189
0.6741062920308203
0.6978545563451224
0.6751091326563025
0.6910955920389882
0.6930490892755043
0.696577182426239
0.7012215597121257
0.6730989136649513
0.6488446912975215
0.6788210042927024
0.6981449717298773
0.7224899489050431
0.68036156715402
0.6821880076597058
0.685725176291214
0.6734301687131876
0.6794925898699483
0.6420766515106137
0.712314066087651
0.6437851107662429
0.6921279279769845
0.6931443818236271
0.6919668381932533
0.6673677475564268
0.686340040113625
0.6773530452775736
0.6692599852977212
0.6511997785582692
0.67595542123844
0.6867370923974697
0.678659914508971
0.6590909090909093
0.6794857832593681
0.6725090074146678
0.6695617450334431
0.6762866762866763
0.6746077123435614
0.677970177970178
0.6979793442057594
0.7118217212556835
0.6841210850644813
0.6737704992421973
0.6783195839799613
0.6747778776080664
0.6867416301378566
0.6672066577726955
0.6856707234065724
0.6936503398767548
0.6751998874640385
0.6730467296505033
0.6684885694319656
0.6466484249503117
0.6810150017697187
0.6934552170401227
0.6745283018867925
0.6580880684654269
0.6737069708767821
0.6771806111428753
0.6686451214753102
0.6917172624719793
0.7200168803942391
0.6872180928784701
0.68117609155345
0.6985374862733353
0.6826894279724469
0.6877104377104377
0.6976934665613912
0.7155199796709233
0.6925090981694756
0.7081143873596705
0.69173768230372
0.6892873024948496
0.6904920725675443
0.6578158040422192
0.6916786916786917
0.6908755116302288
0.6776366540517484
0.7087905106773029
0.674183433617396
0.6729900078956683
0.6762276856616478
0.704826794449436
0.6688629330138764
0.6767903654696108
0.6731488288092061
0.6927632116311362
0.6931965658380752
0.6435105774728416
0.6977660704075799
0.6863604599453657
0.6820496065779084
0.6624170727944313
0.6706417272455009
0.6735458810930509
0.694823345766742
0.728432119941554
0.7040463031029068
0.696947008267763
0.6888063020138492
0.6939316797807363
0.6896684726873406
0.6819361630682386
0.7025601931262309
0.7262653489068583
0.6818113752076016
0.6817841487652808
0.6810762612649406
0.7090378175283836
0.6677579932296913
0.7284321199415539
0.6932827829054244
0.6917399511739135
0.6777387532104514
0.7009129933658236
0.6848607367475292
0.6842322597039577
0.7181927087587464
0.7006906440868705
0.6956151814642381
0.7058818190893663
0.7217797925345095
0.7188347990234782
0.6947053645166854
0.7163753437338343
0.7235767377276812
0.7114405510631926
0.720239229673192
0.7044524308675252
0.7188779075571528
0.6477465581239168
0.7060519843538712
0.7026781743762875
0.6985828636772033
0.6942175574251046
0.6870207011716445
0.6867075970849555
0.6309047346783196
0.7066328151233812
0.6910933231687948
0.6980769056240754
0.6841710002087359
0.6888925190811983
0.680395600206921
0.6763592801328651
0.706380970531914
0.6854778694401336
0.70647853195023
0.6771896866236489
0.6593336782016027
0.7272591140515668
0.7007541724522856
0.7211467777505514
0.7123957454146134
0.7283118698213038
0.7126975051503354
0.7216618112844528
0.7164660985415702
0.6739520088576693
0.7204865365242724
0.6998012469710582
0.7191002568361059
0.7058908945701399
0.7175392741430477
0.7115154237795748
0.6790955375861036
0.7248359606850173
0.7115290370007351
0.7091217657255393
0.7038035339922133
0.6938681514153212
0.6905510631925726
0.7074405329122311
0.7206567017887773
0.7213124052746694
0.7307645185003676
0.6961551725702668
0.7034904299055242
0.7201462059952627
0.6984036229319249
0.7342449653770409
0.7317129062412082
0.7290696724658989
0.7281666621289262
0.721276103351575
0.7215687876065235
0.6407470935772823
0.6913360922794886
0.6879532068211314
0.6975550654795938
0.7089016853167796
0.7126249013041466
0.7055845970940311
0.6665872562098976
0.6912748327842668
0.7265784529935473
0.6984989154800476
0.6821585123471916
0.692556744443537
0.6773076678737056
0.6751204770072695
0.6871772532149891
0.6988505903600243
0.7190140397687567
0.7043480628386289
0.7206589706589707
0.7099930118798043
0.694891411872544
0.7313816511929719
0.7200214181346256
0.7213214807554429
0.7231297702995817
0.7259840090028772
0.7205659469810413
0.7176338080323392
0.7512883217872957
0.7399557187601252
0.7635813802786479
0.745286439448876
0.7444687022665206
0.7586749571845155
0.730706031197445
0.7494599848795767
0.7356394550475984
0.7375063644639193
0.7656874392482989
0.7579382222702234
0.7731435051610016
0.7386905404779905
0.7610355947109375
0.7466866215111166
0.7575563544350671
0.7583548053631216
0.7605187230956754
0.7478399395183064
0.7333559625383796
0.7741541048863656
0.7510491722339654
0.7416567663894589
0.7496065604122629
0.7561446006202459
0.751064601237406
0.7292479903723018
0.7584859518923673
0.7640326786292873
0.7349605788962091
0.7536605310662985
0.7502892938145126
0.7660963078394767
0.739415703639702
0.7727654945767054
0.7434542452902968
0.7848965485319301
0.7302393038433648
0.7678243562248314
0.7384012466634781
0.7335141098236465
0.7789100951969512
0.7497569931958096
0.7491205468038818
0.7436393933315847
0.7257764645981515
0.7530433709286717
0.7472420656349805
0.7581040840572109
0.7566460432320676
0.758042368043448
0.7547444185580053
0.7404455896193665
0.75762578495055
0.7000100288522364
0.7685610911391233
0.7756121457115085
0.7478862265286286
0.7719554718960703
0.770682579112215
0.7929697745822597
0.7164226312622468
0.7664010306574298
0.7609545924428741
0.7716314628238163
0.7903815592550878
0.7883796460586611
0.7809737244071405
0.7176415225340596
0.76502013484949
0.7900961226914354
0.7768310369833213
0.7556007282489624
0.7895753938253129
0.7811858732044498
0.7345054232947095
0.7684530881150387
0.7490549735392591
0.7573789208954994
0.7596392698995572
0.7619574776665176
0.7514927560828846
0.7228642401987255
0.8069638807029454
0.7730085013808958
0.7522024902411554
0.7814365945103606
0.7705051455726475
0.7947325382253559
0.7363723327110302
0.7839206640643079
0.7970044589819942
0.7819418943730425
0.7672650548501071
0.7718783268788669
0.7933516424174163
0.7013292086464135
0.7847692592535449
0.7845146806967738
0.7492671223365682
0.7886033666085508
0.7775754863993335
0.764372116704982
0.7372749294123093
0.7667906129943067
0.762431919522318
0.7705745760881305
0.753606529554256
0.7580307962908676
0.758987394504189
0.7191227068643636
0.7744163979448567
0.8007768503232376
0.7742736796630305
0.7914847330010955
0.7647192692823971
0.7662930276333452
0.7314157653557156
0.7993650965084165
0.787222470800611
0.7811588724484286
0.7761483035810716
0.7891703824849954
0.7706170058475923
0.7332981037754771
0.7896178235847746
0.782786632311419
0.7899881196673508
0.7837740885316216
0.8234574853810193
0.7731782204187431
0.7261969049419099
0.7832765031706602
0.7795272553345779
0.7767307484609568
0.7815831700430469
0.7817297455757333
0.7829987811087282
0.7249162976563344
0.7547251323037045
0.7861887275700863
0.7693325413111567
0.7625784950550045
0.7753884251616188
0.807183744001975
0.7299615817814328
0.7966727354080201
0.7903815592550877
0.7893902457840248
0.7931472081218275
0.7770779010383719
0.7967267369200624
0.7326616573835496
0.761645040346844
0.8001828336907719
0.7917393115578665
0.7640943946430501
0.7672573403483869
0.7893131007668214
0.7265826300279266
0.7706247203493127
0.774447255951738
0.781351734991437
0.7801174147161836
0.7798165491490905
0.7839476648203292
0.7504011540894573
0.7894481045469274
0.7748098375325938
0.7895213923132705
0.7761675898353725
0.7768618949902026
0.7703007112770587
0.7348294323669634
0.7681907950565472
0.8183736287473192
0.7985087868174594
0.7789178096986715
0.7654251461898076
0.7838666625522658
0.7079443938715999
0.7782196472929813
0.7696951228920124
0.8088153611158255
0.8187786400876369
0.8004991282613056
0.7800749849567217
0.721903784734544
0.7852707018653665
0.7865088793914801
0.7897296838597194
0.779388394303612
0.7878126301822166
0.7927576257849506
0.7331553854936509
0.7888926604230633
0.7884143613164025
0.7479170845355099
0.7893169580176816
0.767747211207628
0.7720789039235956
0.7440714054279234
0.7787365189082436
0.7915310200114174
0.789185811488436
0.7632959437149954
0.8060381404965054
0.787754771419314
0.7205768904386466
0.8067864471633777
0.7915387345131378
0.8013515807014024
0.7523143505161002
0.8153264005677874
0.7913497292209896
0.7271226451483499
0.7733325104531499
0.7886612253714532
0.7845069661950534
0.7856564269513832
0.7878126301822166
0.7977026213876846
0.7311303287920634
0.7622004844707081
0.7597318439202013
0.7461928934010154
0.7312074738092667
0.7457994538132782
0.7505438723712835
0.7272113619181337
0.7791299584959808
0.7548832795889713
0.7555852992455218
0.7810200114174626
0.7636662397975714
0.7788483791831885
0.735049295665993
0.7850006943051548
0.7493326956011912
0.7683180843349328
0.77287349760079
0.734401277521485
0.7370974958727416
0.7396355669387313
0.7870488945119035
0.7503972968385972
0.7654020026846466
0.7689429589742799
0.7660037338188327
0.749444555876136
0.7320367827442025
0.7430608057025596
0.7691126780121272
0.7538302501041458
0.7877740576736149
0.7323993643250583
0.7409547467329085
0.7047428756576612
0.7721637634425192
0.7600172804838535
0.7549758536096154
0.7491398330581828
0.7682987980806321
0.7556508725101445
0.6985134155184916
0.7732245074290651
0.7476200762192768
0.7600789964976162
0.7743199666733527
0.7758821532717202
0.7739959576010986
0.7399402897566847
0.7817644608334748
0.7613171740237298
0.7661425948497986
0.7599517072192307
0.7654020026846466
0.7634116612408004
0.7284456821933871
0.7831993581534569
0.7821926156789534
0.7438206841220125
0.7572593461188342
0.7606922993843828
0.7614946075632975
0.7249664419175166
0.8023930384336475
0.7767191767083763
0.7819187508678814
0.7726266335457392
0.7820807554040083
0.7544512674926326
0.7513230370450372
0.8007575640689368
0.7694212580809405
0.7723064817243455
0.7820306111428263
0.7795889713483407
0.7660230200731335
0.7370743523675806
0.7834307932050669
0.7735408019995988
0.7733363677040099
0.7792456760217858
0.7664936046780739
0.7635543795226266
0.6942280098128462
0.7714193140265071
0.7621580547112462
0.7828059185657199
0.7488929690031321
0.7533905235060867
0.7820923271565888
0.7179925323623347
0.7719670436486508
0.749213120824526
0.7643682594541218
0.7631840834400506
0.7709217286655455
0.750324009072254
0.6849513214941447
0.7944201009056825
0.7744665422060389
0.7578032184901178
0.7576759292117322
0.7432806690015892
0.7601522842639594
0.7366500547729622
0.771392313270486
0.7685726628917038
0.7698224121703979
0.7667597549874254
0.7622544859827504
0.7776024871553546
0.6996243037662198
0.7745899742335642
0.7618610463950134
0.7796699736164041
0.7918048848224893
0.7962985820745836
0.8029639115609523
0.7014256399179177
0.7609005909308317
0.7983930692916544
0.7731396479101416
0.7988983691543364
0.7740692453674416
0.7689236727199791
0.7269297826053416
0.7537068180766203
0.7963680125900668
0.7816371715550894
0.7590876830265534
0.7747558360205513
0.7761174455741904
0.7302277320907843
0.77148488729113
0.7780152129973925
0.7821116134108896
0.7848502615216082
0.7823006187030381
0.7805532840633823
0.7231573912640982
0.7657684415163624
0.7707018653665159
0.8016910187770971
0.7943506703901995
0.7785166556092141
0.7852321293567648
0.712060080539398
0.7709950164318886
0.8081171987101352
0.7854327064014934
0.7921250366438832
0.772549488528536
0.7682833690771913
0.7129549627389566
0.782971780352707
0.7932783546510732
0.7847808310061253
0.8078317621464829
0.785143412586981
0.7906515668152996
0.7335449678305278
0.7798628361594125
0.7757240059864533
0.7664241741625909
0.7850701248206378
0.7788676654374895
0.784842547019888
0.7354465925045901
0.7652592844028204
0.7918318855785105
0.7887846573989785
0.7823507629642201
0.7898068288769229
0.760186999521701
0.7196588647339268
0.7580770833011896
0.8085453535556139
0.7891472389798343
0.7855831391850401
0.7920864641352815
0.7883256445466187
0.7413443290697854
0.7583008038510792
0.8108712758242946
0.7880170644778053
0.8002561214571151
0.7837239442704397
0.7766304599385925
0.7378843750482157
0.7839592365729098
0.8010468578834493
0.7893131007668215
0.7832302161603382
0.7864973076388996
0.7981462052366037
0.7274967984817861
0.7541774026815609
0.7955772761637325
0.7783469365713669
0.8031953466125623
0.7802562757471496
0.8040863715612607
0.75877910295774
0.7674077731319334
0.7909755758875534
0.7774481971209479
0.7889428046842455
0.7896525388425162
0.8093399472328082
0.7446307068026476
0.7827403453010969
0.8257178343850771
0.7719323283909093
0.7625129217903815
0.789162667983275
0.7840942403530156
0.7392459846018546
0.7858878620029932
0.7907595698393841
0.7967537376760835
0.7965223026244734
0.7859495780167558
0.786069152793421
